1, 0.0 -90.0;
2, 0.0 0.0;
3, 0.0 90.0;
4, 0.0 75.0;
5, 0.0 60.0;
6, 0.0 45.0;
7, 0.0 30.0;
8, 0.0 15.0;
9, 0.0 -15.0;
10, 0.0 -30.0;
11, 0.0 -45.0;
12, 0.0 -60.0;
13, 0.0 -75.0;
14, 0.0 64.8;
15, 0.0 35.3;
16, 0.0 17.5;
17, 0.0 -17.5;
18, 0.0 -35.3;
19, 0.0 -64.8;
20, 0.0 54.0;
21, 0.0 25.0;
22, 0.0 -25.0;
23, 0.0 -54.0;
24, 0.0 -81.0;
25, 5.0 64.8;
26, 5.0 35.3;
27, 5.0 17.5;
28, 5.0 -17.5;
29, 5.0 -35.3;
30, 5.0 -64.8;
31, 5.0 54.0;
32, 5.0 25.0;
33, 5.0 -25.0;
34, 5.0 -54.0;
35, 5.0 -81.0;
36, 10.0 0.0;
37, 10.0 90.0;
38, 10.0 75.0;
39, 10.0 60.0;
40, 10.0 45.0;
41, 10.0 30.0;
42, 10.0 15.0;
43, 10.0 -15.0;
44, 10.0 -30.0;
45, 10.0 -45.0;
46, 10.0 -60.0;
47, 10.0 -75.0;
48, 12.8 64.8;
49, 12.8 35.3;
50, 12.8 17.5;
51, 12.8 -17.5;
52, 12.8 -35.3;
53, 12.8 -64.8;
54, 12.8 54.0;
55, 12.8 25.0;
56, 12.8 -25.0;
57, 12.8 -54.0;
58, 12.8 -81.0;
59, 13.3 0.0;
60, 13.3 90.0;
61, 13.3 75.0;
62, 13.3 60.0;
63, 13.3 45.0;
64, 13.3 30.0;
65, 13.3 15.0;
66, 13.3 -15.0;
67, 13.3 -30.0;
68, 13.3 -45.0;
69, 13.3 -60.0;
70, 13.3 -75.0;
71, 13.3 54.0;
72, 13.3 25.0;
73, 13.3 -25.0;
74, 13.3 -54.0;
75, 13.3 -81.0;
76, 15.0 64.8;
77, 15.0 35.3;
78, 15.0 17.5;
79, 15.0 -17.5;
80, 15.0 -35.3;
81, 15.0 -64.8;
82, 15.0 54.0;
83, 15.0 25.0;
84, 15.0 -25.0;
85, 15.0 -54.0;
86, 15.0 -81.0;
87, 17.1 64.8;
88, 17.1 35.3;
89, 17.1 17.5;
90, 17.1 -17.5;
91, 17.1 -35.3;
92, 17.1 -64.8;
93, 17.1 54.0;
94, 17.1 25.0;
95, 17.1 -25.0;
96, 17.1 -54.0;
97, 17.1 -81.0;
98, 18.0 64.8;
99, 18.0 35.3;
100, 18.0 17.5;
101, 18.0 -17.5;
102, 18.0 -35.3;
103, 18.0 -64.8;
104, 18.4 54.0;
105, 18.4 25.0;
106, 18.4 -25.0;
107, 18.4 -54.0;
108, 18.4 -81.0;
109, 18.4 64.8;
110, 18.4 35.3;
111, 18.4 17.5;
112, 18.4 -17.5;
113, 18.4 -35.3;
114, 18.4 -64.8;
115, 19.0 64.8;
116, 19.0 35.3;
117, 19.0 17.5;
118, 19.0 -17.5;
119, 19.0 -35.3;
120, 19.0 -64.8;
121, 19.0 54.0;
122, 19.0 25.0;
123, 19.0 -25.0;
124, 19.0 -54.0;
125, 19.0 -81.0;
126, 20.0 0.0;
127, 20.0 90.0;
128, 20.0 75.0;
129, 20.0 60.0;
130, 20.0 45.0;
131, 20.0 30.0;
132, 20.0 15.0;
133, 20.0 -15.0;
134, 20.0 -30.0;
135, 20.0 -45.0;
136, 20.0 -60.0;
137, 20.0 -75.0;
138, 20.9 0.0;
139, 20.9 90.0;
140, 20.9 75.0;
141, 20.9 60.0;
142, 20.9 45.0;
143, 20.9 30.0;
144, 20.9 15.0;
145, 20.9 -15.0;
146, 20.9 -30.0;
147, 20.9 -45.0;
148, 20.9 -60.0;
149, 20.9 -75.0;
150, 24.1 54.0;
151, 24.1 25.0;
152, 24.1 -25.0;
153, 24.1 -54.0;
154, 24.1 -81.0;
155, 25.0 64.8;
156, 25.0 35.3;
157, 25.0 17.5;
158, 25.0 -17.5;
159, 25.0 -35.3;
160, 25.0 -64.8;
161, 25.0 54.0;
162, 25.0 25.0;
163, 25.0 -25.0;
164, 25.0 -54.0;
165, 25.0 -81.0;
166, 26.0 0.0;
167, 26.0 90.0;
168, 26.0 75.0;
169, 26.0 60.0;
170, 26.0 45.0;
171, 26.0 30.0;
172, 26.0 15.0;
173, 26.0 -15.0;
174, 26.0 -30.0;
175, 26.0 -45.0;
176, 26.0 -60.0;
177, 26.0 -75.0;
178, 26.6 0.0;
179, 26.6 90.0;
180, 26.6 75.0;
181, 26.6 60.0;
182, 26.6 45.0;
183, 26.6 30.0;
184, 26.6 15.0;
185, 26.6 -15.0;
186, 26.6 -30.0;
187, 26.6 -45.0;
188, 26.6 -60.0;
189, 26.6 -75.0;
190, 27.0 0.0;
191, 27.0 90.0;
192, 27.0 75.0;
193, 27.0 60.0;
194, 27.0 45.0;
195, 27.0 30.0;
196, 27.0 15.0;
197, 27.0 -15.0;
198, 27.0 -30.0;
199, 27.0 -45.0;
200, 27.0 -60.0;
201, 27.0 -75.0;
202, 27.9 0.0;
203, 27.9 90.0;
204, 27.9 75.0;
205, 27.9 60.0;
206, 27.9 45.0;
207, 27.9 30.0;
208, 27.9 15.0;
209, 27.9 -15.0;
210, 27.9 -30.0;
211, 27.9 -45.0;
212, 27.9 -60.0;
213, 27.9 -75.0;
214, 30.0 0.0;
215, 30.0 90.0;
216, 30.0 75.0;
217, 30.0 60.0;
218, 30.0 45.0;
219, 30.0 30.0;
220, 30.0 15.0;
221, 30.0 -15.0;
222, 30.0 -30.0;
223, 30.0 -45.0;
224, 30.0 -60.0;
225, 30.0 -75.0;
226, 31.7 54.0;
227, 31.7 25.0;
228, 31.7 -25.0;
229, 31.7 -54.0;
230, 31.7 -81.0;
231, 31.7 0.0;
232, 31.7 90.0;
233, 31.7 75.0;
234, 31.7 60.0;
235, 31.7 45.0;
236, 31.7 30.0;
237, 31.7 15.0;
238, 31.7 -15.0;
239, 31.7 -30.0;
240, 31.7 -45.0;
241, 31.7 -60.0;
242, 31.7 -75.0;
243, 31.7 64.8;
244, 31.7 35.3;
245, 31.7 17.5;
246, 31.7 -17.5;
247, 31.7 -35.3;
248, 31.7 -64.8;
249, 32.3 0.0;
250, 32.3 90.0;
251, 32.3 75.0;
252, 32.3 60.0;
253, 32.3 45.0;
254, 32.3 30.0;
255, 32.3 15.0;
256, 32.3 -15.0;
257, 32.3 -30.0;
258, 32.3 -45.0;
259, 32.3 -60.0;
260, 32.3 -75.0;
261, 35.0 64.8;
262, 35.0 35.3;
263, 35.0 17.5;
264, 35.0 -17.5;
265, 35.0 -35.3;
266, 35.0 -64.8;
267, 35.0 54.0;
268, 35.0 25.0;
269, 35.0 -25.0;
270, 35.0 -54.0;
271, 35.0 -81.0;
272, 36.0 54.0;
273, 36.0 25.0;
274, 36.0 -25.0;
275, 36.0 -54.0;
276, 36.0 -81.0;
277, 40.0 0.0;
278, 40.0 90.0;
279, 40.0 75.0;
280, 40.0 60.0;
281, 40.0 45.0;
282, 40.0 30.0;
283, 40.0 15.0;
284, 40.0 -15.0;
285, 40.0 -30.0;
286, 40.0 -45.0;
287, 40.0 -60.0;
288, 40.0 -75.0;
289, 45.0 54.0;
290, 45.0 25.0;
291, 45.0 -25.0;
292, 45.0 -54.0;
293, 45.0 -81.0;
294, 45.0 0.0;
295, 45.0 90.0;
296, 45.0 75.0;
297, 45.0 60.0;
298, 45.0 45.0;
299, 45.0 30.0;
300, 45.0 15.0;
301, 45.0 -15.0;
302, 45.0 -30.0;
303, 45.0 -45.0;
304, 45.0 -60.0;
305, 45.0 -75.0;
306, 45.0 64.8;
307, 45.0 35.3;
308, 45.0 17.5;
309, 45.0 -17.5;
310, 45.0 -35.3;
311, 45.0 -64.8;
312, 50.0 0.0;
313, 50.0 90.0;
314, 50.0 75.0;
315, 50.0 60.0;
316, 50.0 45.0;
317, 50.0 30.0;
318, 50.0 15.0;
319, 50.0 -15.0;
320, 50.0 -30.0;
321, 50.0 -45.0;
322, 50.0 -60.0;
323, 50.0 -75.0;
324, 54.0 64.8;
325, 54.0 35.3;
326, 54.0 17.5;
327, 54.0 -17.5;
328, 54.0 -35.3;
329, 54.0 -64.8;
330, 55.0 54.0;
331, 55.0 25.0;
332, 55.0 -25.0;
333, 55.0 -54.0;
334, 55.0 -81.0;
335, 55.0 64.8;
336, 55.0 35.3;
337, 55.0 17.5;
338, 55.0 -17.5;
339, 55.0 -35.3;
340, 55.0 -64.8;
341, 57.8 0.0;
342, 57.8 90.0;
343, 57.8 75.0;
344, 57.8 60.0;
345, 57.8 45.0;
346, 57.8 30.0;
347, 57.8 15.0;
348, 57.8 -15.0;
349, 57.8 -30.0;
350, 57.8 -45.0;
351, 57.8 -60.0;
352, 57.8 -75.0;
353, 58.3 54.0;
354, 58.3 25.0;
355, 58.3 -25.0;
356, 58.3 -54.0;
357, 58.3 -81.0;
358, 58.3 64.8;
359, 58.3 35.3;
360, 58.3 17.5;
361, 58.3 -17.5;
362, 58.3 -35.3;
363, 58.3 -64.8;
364, 60.0 0.0;
365, 60.0 90.0;
366, 60.0 75.0;
367, 60.0 60.0;
368, 60.0 45.0;
369, 60.0 30.0;
370, 60.0 15.0;
371, 60.0 -15.0;
372, 60.0 -30.0;
373, 60.0 -45.0;
374, 60.0 -60.0;
375, 60.0 -75.0;
376, 62.1 0.0;
377, 62.1 90.0;
378, 62.1 75.0;
379, 62.1 60.0;
380, 62.1 45.0;
381, 62.1 30.0;
382, 62.1 15.0;
383, 62.1 -15.0;
384, 62.1 -30.0;
385, 62.1 -45.0;
386, 62.1 -60.0;
387, 62.1 -75.0;
388, 63.0 0.0;
389, 63.0 90.0;
390, 63.0 75.0;
391, 63.0 60.0;
392, 63.0 45.0;
393, 63.0 30.0;
394, 63.0 15.0;
395, 63.0 -15.0;
396, 63.0 -30.0;
397, 63.0 -45.0;
398, 63.0 -60.0;
399, 63.0 -75.0;
400, 63.4 0.0;
401, 63.4 90.0;
402, 63.4 75.0;
403, 63.4 60.0;
404, 63.4 45.0;
405, 63.4 30.0;
406, 63.4 15.0;
407, 63.4 -15.0;
408, 63.4 -30.0;
409, 63.4 -45.0;
410, 63.4 -60.0;
411, 63.4 -75.0;
412, 64.0 0.0;
413, 64.0 90.0;
414, 64.0 75.0;
415, 64.0 60.0;
416, 64.0 45.0;
417, 64.0 30.0;
418, 64.0 15.0;
419, 64.0 -15.0;
420, 64.0 -30.0;
421, 64.0 -45.0;
422, 64.0 -60.0;
423, 64.0 -75.0;
424, 65.0 54.0;
425, 65.0 25.0;
426, 65.0 -25.0;
427, 65.0 -54.0;
428, 65.0 -81.0;
429, 65.0 64.8;
430, 65.0 35.3;
431, 65.0 17.5;
432, 65.0 -17.5;
433, 65.0 -35.3;
434, 65.0 -64.8;
435, 65.9 54.0;
436, 65.9 25.0;
437, 65.9 -25.0;
438, 65.9 -54.0;
439, 65.9 -81.0;
440, 70.0 0.0;
441, 70.0 90.0;
442, 70.0 75.0;
443, 70.0 60.0;
444, 70.0 45.0;
445, 70.0 30.0;
446, 70.0 15.0;
447, 70.0 -15.0;
448, 70.0 -30.0;
449, 70.0 -45.0;
450, 70.0 -60.0;
451, 70.0 -75.0;
452, 71.0 54.0;
453, 71.0 25.0;
454, 71.0 -25.0;
455, 71.0 -54.0;
456, 71.0 -81.0;
457, 71.0 64.8;
458, 71.0 35.3;
459, 71.0 17.5;
460, 71.0 -17.5;
461, 71.0 -35.3;
462, 71.0 -64.8;
463, 71.6 54.0;
464, 71.6 25.0;
465, 71.6 -25.0;
466, 71.6 -54.0;
467, 71.6 -81.0;
468, 71.6 64.8;
469, 71.6 35.3;
470, 71.6 17.5;
471, 71.6 -17.5;
472, 71.6 -35.3;
473, 71.6 -64.8;
474, 72.0 54.0;
475, 72.0 25.0;
476, 72.0 -25.0;
477, 72.0 -54.0;
478, 72.0 -81.0;
479, 72.9 54.0;
480, 72.9 25.0;
481, 72.9 -25.0;
482, 72.9 -54.0;
483, 72.9 -81.0;
484, 72.9 64.8;
485, 72.9 35.3;
486, 72.9 17.5;
487, 72.9 -17.5;
488, 72.9 -35.3;
489, 72.9 -64.8;
490, 75.0 54.0;
491, 75.0 25.0;
492, 75.0 -25.0;
493, 75.0 -54.0;
494, 75.0 -81.0;
495, 75.0 64.8;
496, 75.0 35.3;
497, 75.0 17.5;
498, 75.0 -17.5;
499, 75.0 -35.3;
500, 75.0 -64.8;
501, 76.7 54.0;
502, 76.7 25.0;
503, 76.7 -25.0;
504, 76.7 -54.0;
505, 76.7 -81.0;
506, 76.7 0.0;
507, 76.7 90.0;
508, 76.7 75.0;
509, 76.7 60.0;
510, 76.7 45.0;
511, 76.7 30.0;
512, 76.7 15.0;
513, 76.7 -15.0;
514, 76.7 -30.0;
515, 76.7 -45.0;
516, 76.7 -60.0;
517, 76.7 -75.0;
518, 77.3 54.0;
519, 77.3 25.0;
520, 77.3 -25.0;
521, 77.3 -54.0;
522, 77.3 -81.0;
523, 77.5 64.8;
524, 77.5 35.3;
525, 77.5 17.5;
526, 77.5 -17.5;
527, 77.5 -35.3;
528, 77.5 -64.8;
529, 80.0 0.0;
530, 80.0 90.0;
531, 80.0 75.0;
532, 80.0 60.0;
533, 80.0 45.0;
534, 80.0 30.0;
535, 80.0 15.0;
536, 80.0 -15.0;
537, 80.0 -30.0;
538, 80.0 -45.0;
539, 80.0 -60.0;
540, 80.0 -75.0;
541, 85.0 54.0;
542, 85.0 25.0;
543, 85.0 -25.0;
544, 85.0 -54.0;
545, 85.0 -81.0;
546, 85.0 64.8;
547, 85.0 35.3;
548, 85.0 17.5;
549, 85.0 -17.5;
550, 85.0 -35.3;
551, 85.0 -64.8;
552, 90.0 54.0;
553, 90.0 25.0;
554, 90.0 -25.0;
555, 90.0 -54.0;
556, 90.0 -81.0;
557, 90.0 0.0;
558, 90.0 90.0;
559, 90.0 75.0;
560, 90.0 60.0;
561, 90.0 45.0;
562, 90.0 30.0;
563, 90.0 15.0;
564, 90.0 -15.0;
565, 90.0 -30.0;
566, 90.0 -45.0;
567, 90.0 -60.0;
568, 90.0 -75.0;
569, 90.0 64.8;
570, 90.0 35.3;
571, 90.0 17.5;
572, 90.0 -17.5;
573, 90.0 -35.3;
574, 90.0 -64.8;
575, 95.0 54.0;
576, 95.0 25.0;
577, 95.0 -25.0;
578, 95.0 -54.0;
579, 95.0 -81.0;
580, 95.0 64.8;
581, 95.0 35.3;
582, 95.0 17.5;
583, 95.0 -17.5;
584, 95.0 -35.3;
585, 95.0 -64.8;
586, 99.0 0.0;
587, 99.0 90.0;
588, 99.0 75.0;
589, 99.0 60.0;
590, 99.0 45.0;
591, 99.0 30.0;
592, 99.0 15.0;
593, 99.0 -15.0;
594, 99.0 -30.0;
595, 99.0 -45.0;
596, 99.0 -60.0;
597, 99.0 -75.0;
598, 100.0 0.0;
599, 100.0 90.0;
600, 100.0 75.0;
601, 100.0 60.0;
602, 100.0 45.0;
603, 100.0 30.0;
604, 100.0 15.0;
605, 100.0 -15.0;
606, 100.0 -30.0;
607, 100.0 -45.0;
608, 100.0 -60.0;
609, 100.0 -75.0;
610, 102.8 54.0;
611, 102.8 25.0;
612, 102.8 -25.0;
613, 102.8 -54.0;
614, 102.8 -81.0;
615, 102.8 64.8;
616, 102.8 35.3;
617, 102.8 17.5;
618, 102.8 -17.5;
619, 102.8 -35.3;
620, 102.8 -64.8;
621, 103.3 0.0;
622, 103.3 90.0;
623, 103.3 75.0;
624, 103.3 60.0;
625, 103.3 45.0;
626, 103.3 30.0;
627, 103.3 15.0;
628, 103.3 -15.0;
629, 103.3 -30.0;
630, 103.3 -45.0;
631, 103.3 -60.0;
632, 103.3 -75.0;
633, 103.3 64.8;
634, 103.3 35.3;
635, 103.3 17.5;
636, 103.3 -17.5;
637, 103.3 -35.3;
638, 103.3 -64.8;
639, 105.0 54.0;
640, 105.0 25.0;
641, 105.0 -25.0;
642, 105.0 -54.0;
643, 105.0 -81.0;
644, 105.0 64.8;
645, 105.0 35.3;
646, 105.0 17.5;
647, 105.0 -17.5;
648, 105.0 -35.3;
649, 105.0 -64.8;
650, 107.1 54.0;
651, 107.1 25.0;
652, 107.1 -25.0;
653, 107.1 -54.0;
654, 107.1 -81.0;
655, 107.1 64.8;
656, 107.1 35.3;
657, 107.1 17.5;
658, 107.1 -17.5;
659, 107.1 -35.3;
660, 107.1 -64.8;
661, 108.0 54.0;
662, 108.0 25.0;
663, 108.0 -25.0;
664, 108.0 -54.0;
665, 108.0 -81.0;
666, 108.4 54.0;
667, 108.4 25.0;
668, 108.4 -25.0;
669, 108.4 -54.0;
670, 108.4 -81.0;
671, 108.4 64.8;
672, 108.4 35.3;
673, 108.4 17.5;
674, 108.4 -17.5;
675, 108.4 -35.3;
676, 108.4 -64.8;
677, 109.0 54.0;
678, 109.0 25.0;
679, 109.0 -25.0;
680, 109.0 -54.0;
681, 109.0 -81.0;
682, 109.0 64.8;
683, 109.0 35.3;
684, 109.0 17.5;
685, 109.0 -17.5;
686, 109.0 -35.3;
687, 109.0 -64.8;
688, 110.0 0.0;
689, 110.0 90.0;
690, 110.0 75.0;
691, 110.0 60.0;
692, 110.0 45.0;
693, 110.0 30.0;
694, 110.0 15.0;
695, 110.0 -15.0;
696, 110.0 -30.0;
697, 110.0 -45.0;
698, 110.0 -60.0;
699, 110.0 -75.0;
700, 114.1 64.8;
701, 114.1 35.3;
702, 114.1 17.5;
703, 114.1 -17.5;
704, 114.1 -35.3;
705, 114.1 -64.8;
706, 115.0 54.0;
707, 115.0 25.0;
708, 115.0 -25.0;
709, 115.0 -54.0;
710, 115.0 -81.0;
711, 115.0 64.8;
712, 115.0 35.3;
713, 115.0 17.5;
714, 115.0 -17.5;
715, 115.0 -35.3;
716, 115.0 -64.8;
717, 116.0 0.0;
718, 116.0 90.0;
719, 116.0 75.0;
720, 116.0 60.0;
721, 116.0 45.0;
722, 116.0 30.0;
723, 116.0 15.0;
724, 116.0 -15.0;
725, 116.0 -30.0;
726, 116.0 -45.0;
727, 116.0 -60.0;
728, 116.0 -75.0;
729, 116.6 0.0;
730, 116.6 90.0;
731, 116.6 75.0;
732, 116.6 60.0;
733, 116.6 45.0;
734, 116.6 30.0;
735, 116.6 15.0;
736, 116.6 -15.0;
737, 116.6 -30.0;
738, 116.6 -45.0;
739, 116.6 -60.0;
740, 116.6 -75.0;
741, 117.9 0.0;
742, 117.9 90.0;
743, 117.9 75.0;
744, 117.9 60.0;
745, 117.9 45.0;
746, 117.9 30.0;
747, 117.9 15.0;
748, 117.9 -15.0;
749, 117.9 -30.0;
750, 117.9 -45.0;
751, 117.9 -60.0;
752, 117.9 -75.0;
753, 120.0 0.0;
754, 120.0 90.0;
755, 120.0 75.0;
756, 120.0 60.0;
757, 120.0 45.0;
758, 120.0 30.0;
759, 120.0 15.0;
760, 120.0 -15.0;
761, 120.0 -30.0;
762, 120.0 -45.0;
763, 120.0 -60.0;
764, 120.0 -75.0;
765, 121.7 64.8;
766, 121.7 35.3;
767, 121.7 17.5;
768, 121.7 -17.5;
769, 121.7 -35.3;
770, 121.7 -64.8;
771, 121.7 54.0;
772, 121.7 25.0;
773, 121.7 -25.0;
774, 121.7 -54.0;
775, 121.7 -81.0;
776, 122.5 0.0;
777, 122.5 90.0;
778, 122.5 75.0;
779, 122.5 60.0;
780, 122.5 45.0;
781, 122.5 30.0;
782, 122.5 15.0;
783, 122.5 -15.0;
784, 122.5 -30.0;
785, 122.5 -45.0;
786, 122.5 -60.0;
787, 122.5 -75.0;
788, 125.0 54.0;
789, 125.0 25.0;
790, 125.0 -25.0;
791, 125.0 -54.0;
792, 125.0 -81.0;
793, 125.0 64.8;
794, 125.0 35.3;
795, 125.0 17.5;
796, 125.0 -17.5;
797, 125.0 -35.3;
798, 125.0 -64.8;
799, 126.0 64.8;
800, 126.0 35.3;
801, 126.0 17.5;
802, 126.0 -17.5;
803, 126.0 -35.3;
804, 126.0 -64.8;
805, 130.0 0.0;
806, 130.0 90.0;
807, 130.0 75.0;
808, 130.0 60.0;
809, 130.0 45.0;
810, 130.0 30.0;
811, 130.0 15.0;
812, 130.0 -15.0;
813, 130.0 -30.0;
814, 130.0 -45.0;
815, 130.0 -60.0;
816, 130.0 -75.0;
817, 135.0 54.0;
818, 135.0 25.0;
819, 135.0 -25.0;
820, 135.0 -54.0;
821, 135.0 -81.0;
822, 135.0 0.0;
823, 135.0 90.0;
824, 135.0 75.0;
825, 135.0 60.0;
826, 135.0 45.0;
827, 135.0 30.0;
828, 135.0 15.0;
829, 135.0 -15.0;
830, 135.0 -30.0;
831, 135.0 -45.0;
832, 135.0 -60.0;
833, 135.0 -75.0;
834, 135.0 64.8;
835, 135.0 35.3;
836, 135.0 17.5;
837, 135.0 -17.5;
838, 135.0 -35.3;
839, 135.0 -64.8;
840, 140.0 0.0;
841, 140.0 90.0;
842, 140.0 75.0;
843, 140.0 60.0;
844, 140.0 45.0;
845, 140.0 30.0;
846, 140.0 15.0;
847, 140.0 -15.0;
848, 140.0 -30.0;
849, 140.0 -45.0;
850, 140.0 -60.0;
851, 140.0 -75.0;
852, 144.0 54.0;
853, 144.0 25.0;
854, 144.0 -25.0;
855, 144.0 -54.0;
856, 144.0 -81.0;
857, 145.0 54.0;
858, 145.0 25.0;
859, 145.0 -25.0;
860, 145.0 -54.0;
861, 145.0 -81.0;
862, 145.0 64.8;
863, 145.0 35.3;
864, 145.0 17.5;
865, 145.0 -17.5;
866, 145.0 -35.3;
867, 145.0 -64.8;
868, 147.8 0.0;
869, 147.8 90.0;
870, 147.8 75.0;
871, 147.8 60.0;
872, 147.8 45.0;
873, 147.8 30.0;
874, 147.8 15.0;
875, 147.8 -15.0;
876, 147.8 -30.0;
877, 147.8 -45.0;
878, 147.8 -60.0;
879, 147.8 -75.0;
880, 148.3 54.0;
881, 148.3 25.0;
882, 148.3 -25.0;
883, 148.3 -54.0;
884, 148.3 -81.0;
885, 148.3 0.0;
886, 148.3 90.0;
887, 148.3 75.0;
888, 148.3 60.0;
889, 148.3 45.0;
890, 148.3 30.0;
891, 148.3 15.0;
892, 148.3 -15.0;
893, 148.3 -30.0;
894, 148.3 -45.0;
895, 148.3 -60.0;
896, 148.3 -75.0;
897, 148.3 64.8;
898, 148.3 35.3;
899, 148.3 17.5;
900, 148.3 -17.5;
901, 148.3 -35.3;
902, 148.3 -64.8;
903, 150.0 0.0;
904, 150.0 90.0;
905, 150.0 75.0;
906, 150.0 60.0;
907, 150.0 45.0;
908, 150.0 30.0;
909, 150.0 15.0;
910, 150.0 -15.0;
911, 150.0 -30.0;
912, 150.0 -45.0;
913, 150.0 -60.0;
914, 150.0 -75.0;
915, 152.1 0.0;
916, 152.1 90.0;
917, 152.1 75.0;
918, 152.1 60.0;
919, 152.1 45.0;
920, 152.1 30.0;
921, 152.1 15.0;
922, 152.1 -15.0;
923, 152.1 -30.0;
924, 152.1 -45.0;
925, 152.1 -60.0;
926, 152.1 -75.0;
927, 153.4 0.0;
928, 153.4 90.0;
929, 153.4 75.0;
930, 153.4 60.0;
931, 153.4 45.0;
932, 153.4 30.0;
933, 153.4 15.0;
934, 153.4 -15.0;
935, 153.4 -30.0;
936, 153.4 -45.0;
937, 153.4 -60.0;
938, 153.4 -75.0;
939, 154.0 0.0;
940, 154.0 90.0;
941, 154.0 75.0;
942, 154.0 60.0;
943, 154.0 45.0;
944, 154.0 30.0;
945, 154.0 15.0;
946, 154.0 -15.0;
947, 154.0 -30.0;
948, 154.0 -45.0;
949, 154.0 -60.0;
950, 154.0 -75.0;
951, 155.0 54.0;
952, 155.0 25.0;
953, 155.0 -25.0;
954, 155.0 -54.0;
955, 155.0 -81.0;
956, 155.0 64.8;
957, 155.0 35.3;
958, 155.0 17.5;
959, 155.0 -17.5;
960, 155.0 -35.3;
961, 155.0 -64.8;
962, 155.9 64.8;
963, 155.9 35.3;
964, 155.9 17.5;
965, 155.9 -17.5;
966, 155.9 -35.3;
967, 155.9 -64.8;
968, 159.1 0.0;
969, 159.1 90.0;
970, 159.1 75.0;
971, 159.1 60.0;
972, 159.1 45.0;
973, 159.1 30.0;
974, 159.1 15.0;
975, 159.1 -15.0;
976, 159.1 -30.0;
977, 159.1 -45.0;
978, 159.1 -60.0;
979, 159.1 -75.0;
980, 160.0 0.0;
981, 160.0 90.0;
982, 160.0 75.0;
983, 160.0 60.0;
984, 160.0 45.0;
985, 160.0 30.0;
986, 160.0 15.0;
987, 160.0 -15.0;
988, 160.0 -30.0;
989, 160.0 -45.0;
990, 160.0 -60.0;
991, 160.0 -75.0;
992, 161.0 54.0;
993, 161.0 25.0;
994, 161.0 -25.0;
995, 161.0 -54.0;
996, 161.0 -81.0;
997, 161.0 64.8;
998, 161.0 35.3;
999, 161.0 17.5;
1000, 161.0 -17.5;
1001, 161.0 -35.3;
1002, 161.0 -64.8;
1003, 161.6 54.0;
1004, 161.6 25.0;
1005, 161.6 -25.0;
1006, 161.6 -54.0;
1007, 161.6 -81.0;
1008, 161.6 64.8;
1009, 161.6 35.3;
1010, 161.6 17.5;
1011, 161.6 -17.5;
1012, 161.6 -35.3;
1013, 161.6 -64.8;
1014, 162.0 64.8;
1015, 162.0 35.3;
1016, 162.0 17.5;
1017, 162.0 -17.5;
1018, 162.0 -35.3;
1019, 162.0 -64.8;
1020, 162.9 54.0;
1021, 162.9 25.0;
1022, 162.9 -25.0;
1023, 162.9 -54.0;
1024, 162.9 -81.0;
1025, 162.9 64.8;
1026, 162.9 35.3;
1027, 162.9 17.5;
1028, 162.9 -17.5;
1029, 162.9 -35.3;
1030, 162.9 -64.8;
1031, 165.0 54.0;
1032, 165.0 25.0;
1033, 165.0 -25.0;
1034, 165.0 -54.0;
1035, 165.0 -81.0;
1036, 165.0 64.8;
1037, 165.0 35.3;
1038, 165.0 17.5;
1039, 165.0 -17.5;
1040, 165.0 -35.3;
1041, 165.0 -64.8;
1042, 166.7 0.0;
1043, 166.7 90.0;
1044, 166.7 75.0;
1045, 166.7 60.0;
1046, 166.7 45.0;
1047, 166.7 30.0;
1048, 166.7 15.0;
1049, 166.7 -15.0;
1050, 166.7 -30.0;
1051, 166.7 -45.0;
1052, 166.7 -60.0;
1053, 166.7 -75.0;
1054, 166.7 64.8;
1055, 166.7 35.3;
1056, 166.7 17.5;
1057, 166.7 -17.5;
1058, 166.7 -35.3;
1059, 166.7 -64.8;
1060, 167.3 64.8;
1061, 167.3 35.3;
1062, 167.3 17.5;
1063, 167.3 -17.5;
1064, 167.3 -35.3;
1065, 167.3 -64.8;
1066, 167.5 54.0;
1067, 167.5 25.0;
1068, 167.5 -25.0;
1069, 167.5 -54.0;
1070, 167.5 -81.0;
1071, 170.0 0.0;
1072, 170.0 90.0;
1073, 170.0 75.0;
1074, 170.0 60.0;
1075, 170.0 45.0;
1076, 170.0 30.0;
1077, 170.0 15.0;
1078, 170.0 -15.0;
1079, 170.0 -30.0;
1080, 170.0 -45.0;
1081, 170.0 -60.0;
1082, 170.0 -75.0;
1083, 171.0 0.0;
1084, 171.0 90.0;
1085, 171.0 75.0;
1086, 171.0 60.0;
1087, 171.0 45.0;
1088, 171.0 30.0;
1089, 171.0 15.0;
1090, 171.0 -15.0;
1091, 171.0 -30.0;
1092, 171.0 -45.0;
1093, 171.0 -60.0;
1094, 171.0 -75.0;
1095, 175.0 54.0;
1096, 175.0 25.0;
1097, 175.0 -25.0;
1098, 175.0 -54.0;
1099, 175.0 -81.0;
1100, 175.0 64.8;
1101, 175.0 35.3;
1102, 175.0 17.5;
1103, 175.0 -17.5;
1104, 175.0 -35.3;
1105, 175.0 -64.8;
1106, 180.0 54.0;
1107, 180.0 25.0;
1108, 180.0 -25.0;
1109, 180.0 -54.0;
1110, 180.0 -81.0;
1111, 180.0 0.0;
1112, 180.0 90.0;
1113, 180.0 75.0;
1114, 180.0 60.0;
1115, 180.0 45.0;
1116, 180.0 30.0;
1117, 180.0 15.0;
1118, 180.0 -15.0;
1119, 180.0 -30.0;
1120, 180.0 -45.0;
1121, 180.0 -60.0;
1122, 180.0 -75.0;
1123, 180.0 64.8;
1124, 180.0 35.3;
1125, 180.0 17.5;
1126, 180.0 -17.5;
1127, 180.0 -35.3;
1128, 180.0 -64.8;
1129, 185.0 54.0;
1130, 185.0 25.0;
1131, 185.0 -25.0;
1132, 185.0 -54.0;
1133, 185.0 -81.0;
1134, 185.0 64.8;
1135, 185.0 35.3;
1136, 185.0 17.5;
1137, 185.0 -17.5;
1138, 185.0 -35.3;
1139, 185.0 -64.8;
1140, 190.0 0.0;
1141, 190.0 90.0;
1142, 190.0 75.0;
1143, 190.0 60.0;
1144, 190.0 45.0;
1145, 190.0 30.0;
1146, 190.0 15.0;
1147, 190.0 -15.0;
1148, 190.0 -30.0;
1149, 190.0 -45.0;
1150, 190.0 -60.0;
1151, 190.0 -75.0;
1152, 192.8 54.0;
1153, 192.8 25.0;
1154, 192.8 -25.0;
1155, 192.8 -54.0;
1156, 192.8 -81.0;
1157, 192.8 64.8;
1158, 192.8 35.3;
1159, 192.8 17.5;
1160, 192.8 -17.5;
1161, 192.8 -35.3;
1162, 192.8 -64.8;
1163, 193.3 54.0;
1164, 193.3 25.0;
1165, 193.3 -25.0;
1166, 193.3 -54.0;
1167, 193.3 -81.0;
1168, 193.3 0.0;
1169, 193.3 90.0;
1170, 193.3 75.0;
1171, 193.3 60.0;
1172, 193.3 45.0;
1173, 193.3 30.0;
1174, 193.3 15.0;
1175, 193.3 -15.0;
1176, 193.3 -30.0;
1177, 193.3 -45.0;
1178, 193.3 -60.0;
1179, 193.3 -75.0;
1180, 195.0 54.0;
1181, 195.0 25.0;
1182, 195.0 -25.0;
1183, 195.0 -54.0;
1184, 195.0 -81.0;
1185, 195.0 64.8;
1186, 195.0 35.3;
1187, 195.0 17.5;
1188, 195.0 -17.5;
1189, 195.0 -35.3;
1190, 195.0 -64.8;
1191, 197.1 54.0;
1192, 197.1 25.0;
1193, 197.1 -25.0;
1194, 197.1 -54.0;
1195, 197.1 -81.0;
1196, 197.1 64.8;
1197, 197.1 35.3;
1198, 197.1 17.5;
1199, 197.1 -17.5;
1200, 197.1 -35.3;
1201, 197.1 -64.8;
1202, 198.0 64.8;
1203, 198.0 35.3;
1204, 198.0 17.5;
1205, 198.0 -17.5;
1206, 198.0 -35.3;
1207, 198.0 -64.8;
1208, 198.4 54.0;
1209, 198.4 25.0;
1210, 198.4 -25.0;
1211, 198.4 -54.0;
1212, 198.4 -81.0;
1213, 198.4 64.8;
1214, 198.4 35.3;
1215, 198.4 17.5;
1216, 198.4 -17.5;
1217, 198.4 -35.3;
1218, 198.4 -64.8;
1219, 199.0 54.0;
1220, 199.0 25.0;
1221, 199.0 -25.0;
1222, 199.0 -54.0;
1223, 199.0 -81.0;
1224, 199.0 64.8;
1225, 199.0 35.3;
1226, 199.0 17.5;
1227, 199.0 -17.5;
1228, 199.0 -35.3;
1229, 199.0 -64.8;
1230, 200.0 0.0;
1231, 200.0 90.0;
1232, 200.0 75.0;
1233, 200.0 60.0;
1234, 200.0 45.0;
1235, 200.0 30.0;
1236, 200.0 15.0;
1237, 200.0 -15.0;
1238, 200.0 -30.0;
1239, 200.0 -45.0;
1240, 200.0 -60.0;
1241, 200.0 -75.0;
1242, 200.9 0.0;
1243, 200.9 90.0;
1244, 200.9 75.0;
1245, 200.9 60.0;
1246, 200.9 45.0;
1247, 200.9 30.0;
1248, 200.9 15.0;
1249, 200.9 -15.0;
1250, 200.9 -30.0;
1251, 200.9 -45.0;
1252, 200.9 -60.0;
1253, 200.9 -75.0;
1254, 204.1 54.0;
1255, 204.1 25.0;
1256, 204.1 -25.0;
1257, 204.1 -54.0;
1258, 204.1 -81.0;
1259, 205.0 54.0;
1260, 205.0 25.0;
1261, 205.0 -25.0;
1262, 205.0 -54.0;
1263, 205.0 -81.0;
1264, 205.0 64.8;
1265, 205.0 35.3;
1266, 205.0 17.5;
1267, 205.0 -17.5;
1268, 205.0 -35.3;
1269, 205.0 -64.8;
1270, 206.0 0.0;
1271, 206.0 90.0;
1272, 206.0 75.0;
1273, 206.0 60.0;
1274, 206.0 45.0;
1275, 206.0 30.0;
1276, 206.0 15.0;
1277, 206.0 -15.0;
1278, 206.0 -30.0;
1279, 206.0 -45.0;
1280, 206.0 -60.0;
1281, 206.0 -75.0;
1282, 206.6 0.0;
1283, 206.6 90.0;
1284, 206.6 75.0;
1285, 206.6 60.0;
1286, 206.6 45.0;
1287, 206.6 30.0;
1288, 206.6 15.0;
1289, 206.6 -15.0;
1290, 206.6 -30.0;
1291, 206.6 -45.0;
1292, 206.6 -60.0;
1293, 206.6 -75.0;
1294, 207.0 0.0;
1295, 207.0 90.0;
1296, 207.0 75.0;
1297, 207.0 60.0;
1298, 207.0 45.0;
1299, 207.0 30.0;
1300, 207.0 15.0;
1301, 207.0 -15.0;
1302, 207.0 -30.0;
1303, 207.0 -45.0;
1304, 207.0 -60.0;
1305, 207.0 -75.0;
1306, 207.9 0.0;
1307, 207.9 90.0;
1308, 207.9 75.0;
1309, 207.9 60.0;
1310, 207.9 45.0;
1311, 207.9 30.0;
1312, 207.9 15.0;
1313, 207.9 -15.0;
1314, 207.9 -30.0;
1315, 207.9 -45.0;
1316, 207.9 -60.0;
1317, 207.9 -75.0;
1318, 210.0 0.0;
1319, 210.0 90.0;
1320, 210.0 75.0;
1321, 210.0 60.0;
1322, 210.0 45.0;
1323, 210.0 30.0;
1324, 210.0 15.0;
1325, 210.0 -15.0;
1326, 210.0 -30.0;
1327, 210.0 -45.0;
1328, 210.0 -60.0;
1329, 210.0 -75.0;
1330, 211.7 54.0;
1331, 211.7 25.0;
1332, 211.7 -25.0;
1333, 211.7 -54.0;
1334, 211.7 -81.0;
1335, 211.7 0.0;
1336, 211.7 90.0;
1337, 211.7 75.0;
1338, 211.7 60.0;
1339, 211.7 45.0;
1340, 211.7 30.0;
1341, 211.7 15.0;
1342, 211.7 -15.0;
1343, 211.7 -30.0;
1344, 211.7 -45.0;
1345, 211.7 -60.0;
1346, 211.7 -75.0;
1347, 211.7 64.8;
1348, 211.7 35.3;
1349, 211.7 17.5;
1350, 211.7 -17.5;
1351, 211.7 -35.3;
1352, 211.7 -64.8;
1353, 212.3 0.0;
1354, 212.3 90.0;
1355, 212.3 75.0;
1356, 212.3 60.0;
1357, 212.3 45.0;
1358, 212.3 30.0;
1359, 212.3 15.0;
1360, 212.3 -15.0;
1361, 212.3 -30.0;
1362, 212.3 -45.0;
1363, 212.3 -60.0;
1364, 212.3 -75.0;
1365, 215.0 54.0;
1366, 215.0 25.0;
1367, 215.0 -25.0;
1368, 215.0 -54.0;
1369, 215.0 -81.0;
1370, 215.0 64.8;
1371, 215.0 35.3;
1372, 215.0 17.5;
1373, 215.0 -17.5;
1374, 215.0 -35.3;
1375, 215.0 -64.8;
1376, 216.0 54.0;
1377, 216.0 25.0;
1378, 216.0 -25.0;
1379, 216.0 -54.0;
1380, 216.0 -81.0;
1381, 220.0 0.0;
1382, 220.0 90.0;
1383, 220.0 75.0;
1384, 220.0 60.0;
1385, 220.0 45.0;
1386, 220.0 30.0;
1387, 220.0 15.0;
1388, 220.0 -15.0;
1389, 220.0 -30.0;
1390, 220.0 -45.0;
1391, 220.0 -60.0;
1392, 220.0 -75.0;
1393, 225.0 54.0;
1394, 225.0 25.0;
1395, 225.0 -25.0;
1396, 225.0 -54.0;
1397, 225.0 -81.0;
1398, 225.0 0.0;
1399, 225.0 90.0;
1400, 225.0 75.0;
1401, 225.0 60.0;
1402, 225.0 45.0;
1403, 225.0 30.0;
1404, 225.0 15.0;
1405, 225.0 -15.0;
1406, 225.0 -30.0;
1407, 225.0 -45.0;
1408, 225.0 -60.0;
1409, 225.0 -75.0;
1410, 225.0 64.8;
1411, 225.0 35.3;
1412, 225.0 17.5;
1413, 225.0 -17.5;
1414, 225.0 -35.3;
1415, 225.0 -64.8;
1416, 230.0 0.0;
1417, 230.0 90.0;
1418, 230.0 75.0;
1419, 230.0 60.0;
1420, 230.0 45.0;
1421, 230.0 30.0;
1422, 230.0 15.0;
1423, 230.0 -15.0;
1424, 230.0 -30.0;
1425, 230.0 -45.0;
1426, 230.0 -60.0;
1427, 230.0 -75.0;
1428, 234.0 64.8;
1429, 234.0 35.3;
1430, 234.0 17.5;
1431, 234.0 -17.5;
1432, 234.0 -35.3;
1433, 234.0 -64.8;
1434, 235.0 54.0;
1435, 235.0 25.0;
1436, 235.0 -25.0;
1437, 235.0 -54.0;
1438, 235.0 -81.0;
1439, 235.0 64.8;
1440, 235.0 35.3;
1441, 235.0 17.5;
1442, 235.0 -17.5;
1443, 235.0 -35.3;
1444, 235.0 -64.8;
1445, 237.8 0.0;
1446, 237.8 90.0;
1447, 237.8 75.0;
1448, 237.8 60.0;
1449, 237.8 45.0;
1450, 237.8 30.0;
1451, 237.8 15.0;
1452, 237.8 -15.0;
1453, 237.8 -30.0;
1454, 237.8 -45.0;
1455, 237.8 -60.0;
1456, 237.8 -75.0;
1457, 238.3 54.0;
1458, 238.3 25.0;
1459, 238.3 -25.0;
1460, 238.3 -54.0;
1461, 238.3 -81.0;
1462, 238.3 64.8;
1463, 238.3 35.3;
1464, 238.3 17.5;
1465, 238.3 -17.5;
1466, 238.3 -35.3;
1467, 238.3 -64.8;
1468, 240.0 0.0;
1469, 240.0 90.0;
1470, 240.0 75.0;
1471, 240.0 60.0;
1472, 240.0 45.0;
1473, 240.0 30.0;
1474, 240.0 15.0;
1475, 240.0 -15.0;
1476, 240.0 -30.0;
1477, 240.0 -45.0;
1478, 240.0 -60.0;
1479, 240.0 -75.0;
1480, 242.1 0.0;
1481, 242.1 90.0;
1482, 242.1 75.0;
1483, 242.1 60.0;
1484, 242.1 45.0;
1485, 242.1 30.0;
1486, 242.1 15.0;
1487, 242.1 -15.0;
1488, 242.1 -30.0;
1489, 242.1 -45.0;
1490, 242.1 -60.0;
1491, 242.1 -75.0;
1492, 243.0 0.0;
1493, 243.0 90.0;
1494, 243.0 75.0;
1495, 243.0 60.0;
1496, 243.0 45.0;
1497, 243.0 30.0;
1498, 243.0 15.0;
1499, 243.0 -15.0;
1500, 243.0 -30.0;
1501, 243.0 -45.0;
1502, 243.0 -60.0;
1503, 243.0 -75.0;
1504, 243.4 0.0;
1505, 243.4 90.0;
1506, 243.4 75.0;
1507, 243.4 60.0;
1508, 243.4 45.0;
1509, 243.4 30.0;
1510, 243.4 15.0;
1511, 243.4 -15.0;
1512, 243.4 -30.0;
1513, 243.4 -45.0;
1514, 243.4 -60.0;
1515, 243.4 -75.0;
1516, 244.0 0.0;
1517, 244.0 90.0;
1518, 244.0 75.0;
1519, 244.0 60.0;
1520, 244.0 45.0;
1521, 244.0 30.0;
1522, 244.0 15.0;
1523, 244.0 -15.0;
1524, 244.0 -30.0;
1525, 244.0 -45.0;
1526, 244.0 -60.0;
1527, 244.0 -75.0;
1528, 245.0 54.0;
1529, 245.0 25.0;
1530, 245.0 -25.0;
1531, 245.0 -54.0;
1532, 245.0 -81.0;
1533, 245.0 64.8;
1534, 245.0 35.3;
1535, 245.0 17.5;
1536, 245.0 -17.5;
1537, 245.0 -35.3;
1538, 245.0 -64.8;
1539, 245.9 54.0;
1540, 245.9 25.0;
1541, 245.9 -25.0;
1542, 245.9 -54.0;
1543, 245.9 -81.0;
1544, 250.0 0.0;
1545, 250.0 90.0;
1546, 250.0 75.0;
1547, 250.0 60.0;
1548, 250.0 45.0;
1549, 250.0 30.0;
1550, 250.0 15.0;
1551, 250.0 -15.0;
1552, 250.0 -30.0;
1553, 250.0 -45.0;
1554, 250.0 -60.0;
1555, 250.0 -75.0;
1556, 251.0 54.0;
1557, 251.0 25.0;
1558, 251.0 -25.0;
1559, 251.0 -54.0;
1560, 251.0 -81.0;
1561, 251.0 64.8;
1562, 251.0 35.3;
1563, 251.0 17.5;
1564, 251.0 -17.5;
1565, 251.0 -35.3;
1566, 251.0 -64.8;
1567, 251.6 54.0;
1568, 251.6 25.0;
1569, 251.6 -25.0;
1570, 251.6 -54.0;
1571, 251.6 -81.0;
1572, 251.6 64.8;
1573, 251.6 35.3;
1574, 251.6 17.5;
1575, 251.6 -17.5;
1576, 251.6 -35.3;
1577, 251.6 -64.8;
1578, 252.0 54.0;
1579, 252.0 25.0;
1580, 252.0 -25.0;
1581, 252.0 -54.0;
1582, 252.0 -81.0;
1583, 252.9 64.8;
1584, 252.9 35.3;
1585, 252.9 17.5;
1586, 252.9 -17.5;
1587, 252.9 -35.3;
1588, 252.9 -64.8;
1589, 252.9 54.0;
1590, 252.9 25.0;
1591, 252.9 -25.0;
1592, 252.9 -54.0;
1593, 252.9 -81.0;
1594, 255.0 54.0;
1595, 255.0 25.0;
1596, 255.0 -25.0;
1597, 255.0 -54.0;
1598, 255.0 -81.0;
1599, 255.0 64.8;
1600, 255.0 35.3;
1601, 255.0 17.5;
1602, 255.0 -17.5;
1603, 255.0 -35.3;
1604, 255.0 -64.8;
1605, 256.7 54.0;
1606, 256.7 25.0;
1607, 256.7 -25.0;
1608, 256.7 -54.0;
1609, 256.7 -81.0;
1610, 256.7 0.0;
1611, 256.7 90.0;
1612, 256.7 75.0;
1613, 256.7 60.0;
1614, 256.7 45.0;
1615, 256.7 30.0;
1616, 256.7 15.0;
1617, 256.7 -15.0;
1618, 256.7 -30.0;
1619, 256.7 -45.0;
1620, 256.7 -60.0;
1621, 256.7 -75.0;
1622, 257.3 54.0;
1623, 257.3 25.0;
1624, 257.3 -25.0;
1625, 257.3 -54.0;
1626, 257.3 -81.0;
1627, 257.3 64.8;
1628, 257.3 35.3;
1629, 257.3 17.5;
1630, 257.3 -17.5;
1631, 257.3 -35.3;
1632, 257.3 -64.8;
1633, 260.0 0.0;
1634, 260.0 90.0;
1635, 260.0 75.0;
1636, 260.0 60.0;
1637, 260.0 45.0;
1638, 260.0 30.0;
1639, 260.0 15.0;
1640, 260.0 -15.0;
1641, 260.0 -30.0;
1642, 260.0 -45.0;
1643, 260.0 -60.0;
1644, 260.0 -75.0;
1645, 265.0 54.0;
1646, 265.0 25.0;
1647, 265.0 -25.0;
1648, 265.0 -54.0;
1649, 265.0 -81.0;
1650, 265.0 64.8;
1651, 265.0 35.3;
1652, 265.0 17.5;
1653, 265.0 -17.5;
1654, 265.0 -35.3;
1655, 265.0 -64.8;
1656, 270.0 54.0;
1657, 270.0 25.0;
1658, 270.0 -25.0;
1659, 270.0 -54.0;
1660, 270.0 -81.0;
1661, 270.0 0.0;
1662, 270.0 90.0;
1663, 270.0 75.0;
1664, 270.0 60.0;
1665, 270.0 45.0;
1666, 270.0 30.0;
1667, 270.0 15.0;
1668, 270.0 -15.0;
1669, 270.0 -30.0;
1670, 270.0 -45.0;
1671, 270.0 -60.0;
1672, 270.0 -75.0;
1673, 270.0 64.8;
1674, 270.0 35.3;
1675, 270.0 17.5;
1676, 270.0 -17.5;
1677, 270.0 -35.3;
1678, 270.0 -64.8;
1679, 275.0 54.0;
1680, 275.0 25.0;
1681, 275.0 -25.0;
1682, 275.0 -54.0;
1683, 275.0 -81.0;
1684, 275.0 64.8;
1685, 275.0 35.3;
1686, 275.0 17.5;
1687, 275.0 -17.5;
1688, 275.0 -35.3;
1689, 275.0 -64.8;
1690, 279.0 0.0;
1691, 279.0 90.0;
1692, 279.0 75.0;
1693, 279.0 60.0;
1694, 279.0 45.0;
1695, 279.0 30.0;
1696, 279.0 15.0;
1697, 279.0 -15.0;
1698, 279.0 -30.0;
1699, 279.0 -45.0;
1700, 279.0 -60.0;
1701, 279.0 -75.0;
1702, 280.0 0.0;
1703, 280.0 90.0;
1704, 280.0 75.0;
1705, 280.0 60.0;
1706, 280.0 45.0;
1707, 280.0 30.0;
1708, 280.0 15.0;
1709, 280.0 -15.0;
1710, 280.0 -30.0;
1711, 280.0 -45.0;
1712, 280.0 -60.0;
1713, 280.0 -75.0;
1714, 282.8 54.0;
1715, 282.8 25.0;
1716, 282.8 -25.0;
1717, 282.8 -54.0;
1718, 282.8 -81.0;
1719, 282.8 64.8;
1720, 282.8 35.3;
1721, 282.8 17.5;
1722, 282.8 -17.5;
1723, 282.8 -35.3;
1724, 282.8 -64.8;
1725, 283.3 0.0;
1726, 283.3 90.0;
1727, 283.3 75.0;
1728, 283.3 60.0;
1729, 283.3 45.0;
1730, 283.3 30.0;
1731, 283.3 15.0;
1732, 283.3 -15.0;
1733, 283.3 -30.0;
1734, 283.3 -45.0;
1735, 283.3 -60.0;
1736, 283.3 -75.0;
1737, 283.3 64.8;
1738, 283.3 35.3;
1739, 283.3 17.5;
1740, 283.3 -17.5;
1741, 283.3 -35.3;
1742, 283.3 -64.8;
1743, 285.0 54.0;
1744, 285.0 25.0;
1745, 285.0 -25.0;
1746, 285.0 -54.0;
1747, 285.0 -81.0;
1748, 285.0 64.8;
1749, 285.0 35.3;
1750, 285.0 17.5;
1751, 285.0 -17.5;
1752, 285.0 -35.3;
1753, 285.0 -64.8;
1754, 287.1 54.0;
1755, 287.1 25.0;
1756, 287.1 -25.0;
1757, 287.1 -54.0;
1758, 287.1 -81.0;
1759, 287.1 64.8;
1760, 287.1 35.3;
1761, 287.1 17.5;
1762, 287.1 -17.5;
1763, 287.1 -35.3;
1764, 287.1 -64.8;
1765, 288.0 54.0;
1766, 288.0 25.0;
1767, 288.0 -25.0;
1768, 288.0 -54.0;
1769, 288.0 -81.0;
1770, 288.4 54.0;
1771, 288.4 25.0;
1772, 288.4 -25.0;
1773, 288.4 -54.0;
1774, 288.4 -81.0;
1775, 288.4 64.8;
1776, 288.4 35.3;
1777, 288.4 17.5;
1778, 288.4 -17.5;
1779, 288.4 -35.3;
1780, 288.4 -64.8;
1781, 289.0 54.0;
1782, 289.0 25.0;
1783, 289.0 -25.0;
1784, 289.0 -54.0;
1785, 289.0 -81.0;
1786, 289.0 64.8;
1787, 289.0 35.3;
1788, 289.0 17.5;
1789, 289.0 -17.5;
1790, 289.0 -35.3;
1791, 289.0 -64.8;
1792, 290.0 0.0;
1793, 290.0 90.0;
1794, 290.0 75.0;
1795, 290.0 60.0;
1796, 290.0 45.0;
1797, 290.0 30.0;
1798, 290.0 15.0;
1799, 290.0 -15.0;
1800, 290.0 -30.0;
1801, 290.0 -45.0;
1802, 290.0 -60.0;
1803, 290.0 -75.0;
1804, 294.1 64.8;
1805, 294.1 35.3;
1806, 294.1 17.5;
1807, 294.1 -17.5;
1808, 294.1 -35.3;
1809, 294.1 -64.8;
1810, 295.0 54.0;
1811, 295.0 25.0;
1812, 295.0 -25.0;
1813, 295.0 -54.0;
1814, 295.0 -81.0;
1815, 295.0 64.8;
1816, 295.0 35.3;
1817, 295.0 17.5;
1818, 295.0 -17.5;
1819, 295.0 -35.3;
1820, 295.0 -64.8;
1821, 296.0 0.0;
1822, 296.0 90.0;
1823, 296.0 75.0;
1824, 296.0 60.0;
1825, 296.0 45.0;
1826, 296.0 30.0;
1827, 296.0 15.0;
1828, 296.0 -15.0;
1829, 296.0 -30.0;
1830, 296.0 -45.0;
1831, 296.0 -60.0;
1832, 296.0 -75.0;
1833, 296.6 0.0;
1834, 296.6 90.0;
1835, 296.6 75.0;
1836, 296.6 60.0;
1837, 296.6 45.0;
1838, 296.6 30.0;
1839, 296.6 15.0;
1840, 296.6 -15.0;
1841, 296.6 -30.0;
1842, 296.6 -45.0;
1843, 296.6 -60.0;
1844, 296.6 -75.0;
1845, 297.9 0.0;
1846, 297.9 90.0;
1847, 297.9 75.0;
1848, 297.9 60.0;
1849, 297.9 45.0;
1850, 297.9 30.0;
1851, 297.9 15.0;
1852, 297.9 -15.0;
1853, 297.9 -30.0;
1854, 297.9 -45.0;
1855, 297.9 -60.0;
1856, 297.9 -75.0;
1857, 300.0 0.0;
1858, 300.0 90.0;
1859, 300.0 75.0;
1860, 300.0 60.0;
1861, 300.0 45.0;
1862, 300.0 30.0;
1863, 300.0 15.0;
1864, 300.0 -15.0;
1865, 300.0 -30.0;
1866, 300.0 -45.0;
1867, 300.0 -60.0;
1868, 300.0 -75.0;
1869, 301.7 54.0;
1870, 301.7 25.0;
1871, 301.7 -25.0;
1872, 301.7 -54.0;
1873, 301.7 -81.0;
1874, 301.7 64.8;
1875, 301.7 35.3;
1876, 301.7 17.5;
1877, 301.7 -17.5;
1878, 301.7 -35.3;
1879, 301.7 -64.8;
1880, 302.3 0.0;
1881, 302.3 90.0;
1882, 302.3 75.0;
1883, 302.3 60.0;
1884, 302.3 45.0;
1885, 302.3 30.0;
1886, 302.3 15.0;
1887, 302.3 -15.0;
1888, 302.3 -30.0;
1889, 302.3 -45.0;
1890, 302.3 -60.0;
1891, 302.3 -75.0;
1892, 305.0 54.0;
1893, 305.0 25.0;
1894, 305.0 -25.0;
1895, 305.0 -54.0;
1896, 305.0 -81.0;
1897, 305.0 64.8;
1898, 305.0 35.3;
1899, 305.0 17.5;
1900, 305.0 -17.5;
1901, 305.0 -35.3;
1902, 305.0 -64.8;
1903, 306.0 64.8;
1904, 306.0 35.3;
1905, 306.0 17.5;
1906, 306.0 -17.5;
1907, 306.0 -35.3;
1908, 306.0 -64.8;
1909, 310.0 0.0;
1910, 310.0 90.0;
1911, 310.0 75.0;
1912, 310.0 60.0;
1913, 310.0 45.0;
1914, 310.0 30.0;
1915, 310.0 15.0;
1916, 310.0 -15.0;
1917, 310.0 -30.0;
1918, 310.0 -45.0;
1919, 310.0 -60.0;
1920, 310.0 -75.0;
1921, 315.0 64.8;
1922, 315.0 35.3;
1923, 315.0 17.5;
1924, 315.0 -17.5;
1925, 315.0 -35.3;
1926, 315.0 -64.8;
1927, 315.0 54.0;
1928, 315.0 25.0;
1929, 315.0 -25.0;
1930, 315.0 -54.0;
1931, 315.0 -81.0;
1932, 315.0 0.0;
1933, 315.0 90.0;
1934, 315.0 75.0;
1935, 315.0 60.0;
1936, 315.0 45.0;
1937, 315.0 30.0;
1938, 315.0 15.0;
1939, 315.0 -15.0;
1940, 315.0 -30.0;
1941, 315.0 -45.0;
1942, 315.0 -60.0;
1943, 315.0 -75.0;
1944, 320.0 0.0;
1945, 320.0 90.0;
1946, 320.0 75.0;
1947, 320.0 60.0;
1948, 320.0 45.0;
1949, 320.0 30.0;
1950, 320.0 15.0;
1951, 320.0 -15.0;
1952, 320.0 -30.0;
1953, 320.0 -45.0;
1954, 320.0 -60.0;
1955, 320.0 -75.0;
1956, 324.0 54.0;
1957, 324.0 25.0;
1958, 324.0 -25.0;
1959, 324.0 -54.0;
1960, 324.0 -81.0;
1961, 325.0 64.8;
1962, 325.0 35.3;
1963, 325.0 17.5;
1964, 325.0 -17.5;
1965, 325.0 -35.3;
1966, 325.0 -64.8;
1967, 325.0 54.0;
1968, 325.0 25.0;
1969, 325.0 -25.0;
1970, 325.0 -54.0;
1971, 325.0 -81.0;
1972, 327.8 0.0;
1973, 327.8 90.0;
1974, 327.8 75.0;
1975, 327.8 60.0;
1976, 327.8 45.0;
1977, 327.8 30.0;
1978, 327.8 15.0;
1979, 327.8 -15.0;
1980, 327.8 -30.0;
1981, 327.8 -45.0;
1982, 327.8 -60.0;
1983, 327.8 -75.0;
1984, 328.3 64.8;
1985, 328.3 35.3;
1986, 328.3 17.5;
1987, 328.3 -17.5;
1988, 328.3 -35.3;
1989, 328.3 -64.8;
1990, 328.3 54.0;
1991, 328.3 25.0;
1992, 328.3 -25.0;
1993, 328.3 -54.0;
1994, 328.3 -81.0;
1995, 328.3 0.0;
1996, 328.3 90.0;
1997, 328.3 75.0;
1998, 328.3 60.0;
1999, 328.3 45.0;
2000, 328.3 30.0;
2001, 328.3 15.0;
2002, 328.3 -15.0;
2003, 328.3 -30.0;
2004, 328.3 -45.0;
2005, 328.3 -60.0;
2006, 328.3 -75.0;
2007, 330.0 0.0;
2008, 330.0 90.0;
2009, 330.0 75.0;
2010, 330.0 60.0;
2011, 330.0 45.0;
2012, 330.0 30.0;
2013, 330.0 15.0;
2014, 330.0 -15.0;
2015, 330.0 -30.0;
2016, 330.0 -45.0;
2017, 330.0 -60.0;
2018, 330.0 -75.0;
2019, 332.1 0.0;
2020, 332.1 90.0;
2021, 332.1 75.0;
2022, 332.1 60.0;
2023, 332.1 45.0;
2024, 332.1 30.0;
2025, 332.1 15.0;
2026, 332.1 -15.0;
2027, 332.1 -30.0;
2028, 332.1 -45.0;
2029, 332.1 -60.0;
2030, 332.1 -75.0;
2031, 333.4 0.0;
2032, 333.4 90.0;
2033, 333.4 75.0;
2034, 333.4 60.0;
2035, 333.4 45.0;
2036, 333.4 30.0;
2037, 333.4 15.0;
2038, 333.4 -15.0;
2039, 333.4 -30.0;
2040, 333.4 -45.0;
2041, 333.4 -60.0;
2042, 333.4 -75.0;
2043, 334.0 0.0;
2044, 334.0 90.0;
2045, 334.0 75.0;
2046, 334.0 60.0;
2047, 334.0 45.0;
2048, 334.0 30.0;
2049, 334.0 15.0;
2050, 334.0 -15.0;
2051, 334.0 -30.0;
2052, 334.0 -45.0;
2053, 334.0 -60.0;
2054, 334.0 -75.0;
2055, 335.0 64.8;
2056, 335.0 35.3;
2057, 335.0 17.5;
2058, 335.0 -17.5;
2059, 335.0 -35.3;
2060, 335.0 -64.8;
2061, 335.0 54.0;
2062, 335.0 25.0;
2063, 335.0 -25.0;
2064, 335.0 -54.0;
2065, 335.0 -81.0;
2066, 335.9 64.8;
2067, 335.9 35.3;
2068, 335.9 17.5;
2069, 335.9 -17.5;
2070, 335.9 -35.3;
2071, 335.9 -64.8;
2072, 339.1 0.0;
2073, 339.1 90.0;
2074, 339.1 75.0;
2075, 339.1 60.0;
2076, 339.1 45.0;
2077, 339.1 30.0;
2078, 339.1 15.0;
2079, 339.1 -15.0;
2080, 339.1 -30.0;
2081, 339.1 -45.0;
2082, 339.1 -60.0;
2083, 339.1 -75.0;
2084, 340.0 0.0;
2085, 340.0 90.0;
2086, 340.0 75.0;
2087, 340.0 60.0;
2088, 340.0 45.0;
2089, 340.0 30.0;
2090, 340.0 15.0;
2091, 340.0 -15.0;
2092, 340.0 -30.0;
2093, 340.0 -45.0;
2094, 340.0 -60.0;
2095, 340.0 -75.0;
2096, 341.0 64.8;
2097, 341.0 35.3;
2098, 341.0 17.5;
2099, 341.0 -17.5;
2100, 341.0 -35.3;
2101, 341.0 -64.8;
2102, 341.0 54.0;
2103, 341.0 25.0;
2104, 341.0 -25.0;
2105, 341.0 -54.0;
2106, 341.0 -81.0;
2107, 341.6 64.8;
2108, 341.6 35.3;
2109, 341.6 17.5;
2110, 341.6 -17.5;
2111, 341.6 -35.3;
2112, 341.6 -64.8;
2113, 341.6 54.0;
2114, 341.6 25.0;
2115, 341.6 -25.0;
2116, 341.6 -54.0;
2117, 341.6 -81.0;
2118, 342.0 64.8;
2119, 342.0 35.3;
2120, 342.0 17.5;
2121, 342.0 -17.5;
2122, 342.0 -35.3;
2123, 342.0 -64.8;
2124, 342.9 64.8;
2125, 342.9 35.3;
2126, 342.9 17.5;
2127, 342.9 -17.5;
2128, 342.9 -35.3;
2129, 342.9 -64.8;
2130, 342.9 54.0;
2131, 342.9 25.0;
2132, 342.9 -25.0;
2133, 342.9 -54.0;
2134, 342.9 -81.0;
2135, 345.0 64.8;
2136, 345.0 35.3;
2137, 345.0 17.5;
2138, 345.0 -17.5;
2139, 345.0 -35.3;
2140, 345.0 -64.8;
2141, 345.0 54.0;
2142, 345.0 25.0;
2143, 345.0 -25.0;
2144, 345.0 -54.0;
2145, 345.0 -81.0;
2146, 346.7 64.8;
2147, 346.7 35.3;
2148, 346.7 17.5;
2149, 346.7 -17.5;
2150, 346.7 -35.3;
2151, 346.7 -64.8;
2152, 346.7 0.0;
2153, 346.7 90.0;
2154, 346.7 75.0;
2155, 346.7 60.0;
2156, 346.7 45.0;
2157, 346.7 30.0;
2158, 346.7 15.0;
2159, 346.7 -15.0;
2160, 346.7 -30.0;
2161, 346.7 -45.0;
2162, 346.7 -60.0;
2163, 346.7 -75.0;
2164, 347.3 64.8;
2165, 347.3 35.3;
2166, 347.3 17.5;
2167, 347.3 -17.5;
2168, 347.3 -35.3;
2169, 347.3 -64.8;
2170, 347.3 54.0;
2171, 347.3 25.0;
2172, 347.3 -25.0;
2173, 347.3 -54.0;
2174, 347.3 -81.0;
2175, 350.0 0.0;
2176, 350.0 90.0;
2177, 350.0 75.0;
2178, 350.0 60.0;
2179, 350.0 45.0;
2180, 350.0 30.0;
2181, 350.0 15.0;
2182, 350.0 -15.0;
2183, 350.0 -30.0;
2184, 350.0 -45.0;
2185, 350.0 -60.0;
2186, 350.0 -75.0;
2187, 351.0 0.0;
2188, 351.0 90.0;
2189, 351.0 75.0;
2190, 351.0 60.0;
2191, 351.0 45.0;
2192, 351.0 30.0;
2193, 351.0 15.0;
2194, 351.0 -15.0;
2195, 351.0 -30.0;
2196, 351.0 -45.0;
2197, 351.0 -60.0;
2198, 351.0 -75.0;
2199, 355.0 64.8;
2200, 355.0 35.3;
2201, 355.0 17.5;
2202, 355.0 -17.5;
2203, 355.0 -35.3;
2204, 355.0 -64.8;
2205, 355.0 54.0;
2206, 355.0 25.0;
2207, 355.0 -25.0;
2208, 355.0 -54.0;
2209, 355.0 -81.0;