1, 0.0 -90.0;
2, 0.0 0.0;
3, 0.0 90.0;
4, 0.0 75.0;
5, 0.0 60.0;
6, 0.0 45.0;
7, 0.0 30.0;
8, 0.0 15.0;
9, 0.0 -15.0;
10, 0.0 -30.0;
11, 0.0 -45.0;
12, 0.0 -60.0;
13, 0.0 -75.0;
14, 0.0 64.8;
15, 0.0 35.3;
16, 0.0 17.5;
17, 0.0 -17.5;
18, 0.0 -35.3;
19, 0.0 -64.8;
20, 0.0 54.0;
21, 0.0 25.0;
22, 0.0 -25.0;
23, 0.0 -54.0;
24, 0.0 -81.0;
25, 5.0 0.0;
26, 5.0 90.0;
27, 5.0 75.0;
28, 5.0 60.0;
29, 5.0 45.0;
30, 5.0 30.0;
31, 5.0 15.0;
32, 5.0 -15.0;
33, 5.0 -30.0;
34, 5.0 -45.0;
35, 5.0 -60.0;
36, 5.0 -75.0;
37, 5.0 64.8;
38, 5.0 35.3;
39, 5.0 17.5;
40, 5.0 -17.5;
41, 5.0 -35.3;
42, 5.0 -64.8;
43, 5.0 54.0;
44, 5.0 25.0;
45, 5.0 -25.0;
46, 5.0 -54.0;
47, 5.0 -81.0;
48, 10.0 0.0;
49, 10.0 90.0;
50, 10.0 75.0;
51, 10.0 60.0;
52, 10.0 45.0;
53, 10.0 30.0;
54, 10.0 15.0;
55, 10.0 -15.0;
56, 10.0 -30.0;
57, 10.0 -45.0;
58, 10.0 -60.0;
59, 10.0 -75.0;
60, 10.0 64.8;
61, 10.0 35.3;
62, 10.0 17.5;
63, 10.0 -17.5;
64, 10.0 -35.3;
65, 10.0 -64.8;
66, 10.0 54.0;
67, 10.0 25.0;
68, 10.0 -25.0;
69, 10.0 -54.0;
70, 10.0 -81.0;
71, 12.8 64.8;
72, 12.8 35.3;
73, 12.8 17.5;
74, 12.8 -17.5;
75, 12.8 -35.3;
76, 12.8 -64.8;
77, 12.8 54.0;
78, 12.8 25.0;
79, 12.8 -25.0;
80, 12.8 -54.0;
81, 12.8 -81.0;
82, 13.3 0.0;
83, 13.3 90.0;
84, 13.3 75.0;
85, 13.3 60.0;
86, 13.3 45.0;
87, 13.3 30.0;
88, 13.3 15.0;
89, 13.3 -15.0;
90, 13.3 -30.0;
91, 13.3 -45.0;
92, 13.3 -60.0;
93, 13.3 -75.0;
94, 13.3 54.0;
95, 13.3 25.0;
96, 13.3 -25.0;
97, 13.3 -54.0;
98, 13.3 -81.0;
99, 15.0 0.0;
100, 15.0 90.0;
101, 15.0 75.0;
102, 15.0 60.0;
103, 15.0 45.0;
104, 15.0 30.0;
105, 15.0 15.0;
106, 15.0 -15.0;
107, 15.0 -30.0;
108, 15.0 -45.0;
109, 15.0 -60.0;
110, 15.0 -75.0;
111, 15.0 64.8;
112, 15.0 35.3;
113, 15.0 17.5;
114, 15.0 -17.5;
115, 15.0 -35.3;
116, 15.0 -64.8;
117, 15.0 54.0;
118, 15.0 25.0;
119, 15.0 -25.0;
120, 15.0 -54.0;
121, 15.0 -81.0;
122, 17.1 64.8;
123, 17.1 35.3;
124, 17.1 17.5;
125, 17.1 -17.5;
126, 17.1 -35.3;
127, 17.1 -64.8;
128, 17.1 54.0;
129, 17.1 25.0;
130, 17.1 -25.0;
131, 17.1 -54.0;
132, 17.1 -81.0;
133, 18.0 64.8;
134, 18.0 35.3;
135, 18.0 17.5;
136, 18.0 -17.5;
137, 18.0 -35.3;
138, 18.0 -64.8;
139, 18.4 54.0;
140, 18.4 25.0;
141, 18.4 -25.0;
142, 18.4 -54.0;
143, 18.4 -81.0;
144, 18.4 64.8;
145, 18.4 35.3;
146, 18.4 17.5;
147, 18.4 -17.5;
148, 18.4 -35.3;
149, 18.4 -64.8;
150, 19.0 64.8;
151, 19.0 35.3;
152, 19.0 17.5;
153, 19.0 -17.5;
154, 19.0 -35.3;
155, 19.0 -64.8;
156, 19.0 54.0;
157, 19.0 25.0;
158, 19.0 -25.0;
159, 19.0 -54.0;
160, 19.0 -81.0;
161, 20.0 0.0;
162, 20.0 90.0;
163, 20.0 75.0;
164, 20.0 60.0;
165, 20.0 45.0;
166, 20.0 30.0;
167, 20.0 15.0;
168, 20.0 -15.0;
169, 20.0 -30.0;
170, 20.0 -45.0;
171, 20.0 -60.0;
172, 20.0 -75.0;
173, 20.0 64.8;
174, 20.0 35.3;
175, 20.0 17.5;
176, 20.0 -17.5;
177, 20.0 -35.3;
178, 20.0 -64.8;
179, 20.0 54.0;
180, 20.0 25.0;
181, 20.0 -25.0;
182, 20.0 -54.0;
183, 20.0 -81.0;
184, 20.9 0.0;
185, 20.9 90.0;
186, 20.9 75.0;
187, 20.9 60.0;
188, 20.9 45.0;
189, 20.9 30.0;
190, 20.9 15.0;
191, 20.9 -15.0;
192, 20.9 -30.0;
193, 20.9 -45.0;
194, 20.9 -60.0;
195, 20.9 -75.0;
196, 24.1 54.0;
197, 24.1 25.0;
198, 24.1 -25.0;
199, 24.1 -54.0;
200, 24.1 -81.0;
201, 25.0 0.0;
202, 25.0 90.0;
203, 25.0 75.0;
204, 25.0 60.0;
205, 25.0 45.0;
206, 25.0 30.0;
207, 25.0 15.0;
208, 25.0 -15.0;
209, 25.0 -30.0;
210, 25.0 -45.0;
211, 25.0 -60.0;
212, 25.0 -75.0;
213, 25.0 64.8;
214, 25.0 35.3;
215, 25.0 17.5;
216, 25.0 -17.5;
217, 25.0 -35.3;
218, 25.0 -64.8;
219, 25.0 54.0;
220, 25.0 25.0;
221, 25.0 -25.0;
222, 25.0 -54.0;
223, 25.0 -81.0;
224, 26.0 0.0;
225, 26.0 90.0;
226, 26.0 75.0;
227, 26.0 60.0;
228, 26.0 45.0;
229, 26.0 30.0;
230, 26.0 15.0;
231, 26.0 -15.0;
232, 26.0 -30.0;
233, 26.0 -45.0;
234, 26.0 -60.0;
235, 26.0 -75.0;
236, 26.6 0.0;
237, 26.6 90.0;
238, 26.6 75.0;
239, 26.6 60.0;
240, 26.6 45.0;
241, 26.6 30.0;
242, 26.6 15.0;
243, 26.6 -15.0;
244, 26.6 -30.0;
245, 26.6 -45.0;
246, 26.6 -60.0;
247, 26.6 -75.0;
248, 27.0 0.0;
249, 27.0 90.0;
250, 27.0 75.0;
251, 27.0 60.0;
252, 27.0 45.0;
253, 27.0 30.0;
254, 27.0 15.0;
255, 27.0 -15.0;
256, 27.0 -30.0;
257, 27.0 -45.0;
258, 27.0 -60.0;
259, 27.0 -75.0;
260, 27.9 0.0;
261, 27.9 90.0;
262, 27.9 75.0;
263, 27.9 60.0;
264, 27.9 45.0;
265, 27.9 30.0;
266, 27.9 15.0;
267, 27.9 -15.0;
268, 27.9 -30.0;
269, 27.9 -45.0;
270, 27.9 -60.0;
271, 27.9 -75.0;
272, 30.0 0.0;
273, 30.0 90.0;
274, 30.0 75.0;
275, 30.0 60.0;
276, 30.0 45.0;
277, 30.0 30.0;
278, 30.0 15.0;
279, 30.0 -15.0;
280, 30.0 -30.0;
281, 30.0 -45.0;
282, 30.0 -60.0;
283, 30.0 -75.0;
284, 30.0 64.8;
285, 30.0 35.3;
286, 30.0 17.5;
287, 30.0 -17.5;
288, 30.0 -35.3;
289, 30.0 -64.8;
290, 30.0 54.0;
291, 30.0 25.0;
292, 30.0 -25.0;
293, 30.0 -54.0;
294, 30.0 -81.0;
295, 31.7 54.0;
296, 31.7 25.0;
297, 31.7 -25.0;
298, 31.7 -54.0;
299, 31.7 -81.0;
300, 31.7 0.0;
301, 31.7 90.0;
302, 31.7 75.0;
303, 31.7 60.0;
304, 31.7 45.0;
305, 31.7 30.0;
306, 31.7 15.0;
307, 31.7 -15.0;
308, 31.7 -30.0;
309, 31.7 -45.0;
310, 31.7 -60.0;
311, 31.7 -75.0;
312, 31.7 64.8;
313, 31.7 35.3;
314, 31.7 17.5;
315, 31.7 -17.5;
316, 31.7 -35.3;
317, 31.7 -64.8;
318, 32.3 0.0;
319, 32.3 90.0;
320, 32.3 75.0;
321, 32.3 60.0;
322, 32.3 45.0;
323, 32.3 30.0;
324, 32.3 15.0;
325, 32.3 -15.0;
326, 32.3 -30.0;
327, 32.3 -45.0;
328, 32.3 -60.0;
329, 32.3 -75.0;
330, 35.0 0.0;
331, 35.0 90.0;
332, 35.0 75.0;
333, 35.0 60.0;
334, 35.0 45.0;
335, 35.0 30.0;
336, 35.0 15.0;
337, 35.0 -15.0;
338, 35.0 -30.0;
339, 35.0 -45.0;
340, 35.0 -60.0;
341, 35.0 -75.0;
342, 35.0 64.8;
343, 35.0 35.3;
344, 35.0 17.5;
345, 35.0 -17.5;
346, 35.0 -35.3;
347, 35.0 -64.8;
348, 35.0 54.0;
349, 35.0 25.0;
350, 35.0 -25.0;
351, 35.0 -54.0;
352, 35.0 -81.0;
353, 36.0 54.0;
354, 36.0 25.0;
355, 36.0 -25.0;
356, 36.0 -54.0;
357, 36.0 -81.0;
358, 40.0 0.0;
359, 40.0 90.0;
360, 40.0 75.0;
361, 40.0 60.0;
362, 40.0 45.0;
363, 40.0 30.0;
364, 40.0 15.0;
365, 40.0 -15.0;
366, 40.0 -30.0;
367, 40.0 -45.0;
368, 40.0 -60.0;
369, 40.0 -75.0;
370, 40.0 64.8;
371, 40.0 35.3;
372, 40.0 17.5;
373, 40.0 -17.5;
374, 40.0 -35.3;
375, 40.0 -64.8;
376, 40.0 54.0;
377, 40.0 25.0;
378, 40.0 -25.0;
379, 40.0 -54.0;
380, 40.0 -81.0;
381, 45.0 54.0;
382, 45.0 25.0;
383, 45.0 -25.0;
384, 45.0 -54.0;
385, 45.0 -81.0;
386, 45.0 0.0;
387, 45.0 90.0;
388, 45.0 75.0;
389, 45.0 60.0;
390, 45.0 45.0;
391, 45.0 30.0;
392, 45.0 15.0;
393, 45.0 -15.0;
394, 45.0 -30.0;
395, 45.0 -45.0;
396, 45.0 -60.0;
397, 45.0 -75.0;
398, 45.0 64.8;
399, 45.0 35.3;
400, 45.0 17.5;
401, 45.0 -17.5;
402, 45.0 -35.3;
403, 45.0 -64.8;
404, 50.0 54.0;
405, 50.0 25.0;
406, 50.0 -25.0;
407, 50.0 -54.0;
408, 50.0 -81.0;
409, 50.0 0.0;
410, 50.0 90.0;
411, 50.0 75.0;
412, 50.0 60.0;
413, 50.0 45.0;
414, 50.0 30.0;
415, 50.0 15.0;
416, 50.0 -15.0;
417, 50.0 -30.0;
418, 50.0 -45.0;
419, 50.0 -60.0;
420, 50.0 -75.0;
421, 50.0 64.8;
422, 50.0 35.3;
423, 50.0 17.5;
424, 50.0 -17.5;
425, 50.0 -35.3;
426, 50.0 -64.8;
427, 54.0 64.8;
428, 54.0 35.3;
429, 54.0 17.5;
430, 54.0 -17.5;
431, 54.0 -35.3;
432, 54.0 -64.8;
433, 55.0 54.0;
434, 55.0 25.0;
435, 55.0 -25.0;
436, 55.0 -54.0;
437, 55.0 -81.0;
438, 55.0 0.0;
439, 55.0 90.0;
440, 55.0 75.0;
441, 55.0 60.0;
442, 55.0 45.0;
443, 55.0 30.0;
444, 55.0 15.0;
445, 55.0 -15.0;
446, 55.0 -30.0;
447, 55.0 -45.0;
448, 55.0 -60.0;
449, 55.0 -75.0;
450, 55.0 64.8;
451, 55.0 35.3;
452, 55.0 17.5;
453, 55.0 -17.5;
454, 55.0 -35.3;
455, 55.0 -64.8;
456, 57.8 0.0;
457, 57.8 90.0;
458, 57.8 75.0;
459, 57.8 60.0;
460, 57.8 45.0;
461, 57.8 30.0;
462, 57.8 15.0;
463, 57.8 -15.0;
464, 57.8 -30.0;
465, 57.8 -45.0;
466, 57.8 -60.0;
467, 57.8 -75.0;
468, 58.3 54.0;
469, 58.3 25.0;
470, 58.3 -25.0;
471, 58.3 -54.0;
472, 58.3 -81.0;
473, 58.3 64.8;
474, 58.3 35.3;
475, 58.3 17.5;
476, 58.3 -17.5;
477, 58.3 -35.3;
478, 58.3 -64.8;
479, 60.0 54.0;
480, 60.0 25.0;
481, 60.0 -25.0;
482, 60.0 -54.0;
483, 60.0 -81.0;
484, 60.0 0.0;
485, 60.0 90.0;
486, 60.0 75.0;
487, 60.0 60.0;
488, 60.0 45.0;
489, 60.0 30.0;
490, 60.0 15.0;
491, 60.0 -15.0;
492, 60.0 -30.0;
493, 60.0 -45.0;
494, 60.0 -60.0;
495, 60.0 -75.0;
496, 60.0 64.8;
497, 60.0 35.3;
498, 60.0 17.5;
499, 60.0 -17.5;
500, 60.0 -35.3;
501, 60.0 -64.8;
502, 62.1 0.0;
503, 62.1 90.0;
504, 62.1 75.0;
505, 62.1 60.0;
506, 62.1 45.0;
507, 62.1 30.0;
508, 62.1 15.0;
509, 62.1 -15.0;
510, 62.1 -30.0;
511, 62.1 -45.0;
512, 62.1 -60.0;
513, 62.1 -75.0;
514, 63.0 0.0;
515, 63.0 90.0;
516, 63.0 75.0;
517, 63.0 60.0;
518, 63.0 45.0;
519, 63.0 30.0;
520, 63.0 15.0;
521, 63.0 -15.0;
522, 63.0 -30.0;
523, 63.0 -45.0;
524, 63.0 -60.0;
525, 63.0 -75.0;
526, 63.4 0.0;
527, 63.4 90.0;
528, 63.4 75.0;
529, 63.4 60.0;
530, 63.4 45.0;
531, 63.4 30.0;
532, 63.4 15.0;
533, 63.4 -15.0;
534, 63.4 -30.0;
535, 63.4 -45.0;
536, 63.4 -60.0;
537, 63.4 -75.0;
538, 64.0 0.0;
539, 64.0 90.0;
540, 64.0 75.0;
541, 64.0 60.0;
542, 64.0 45.0;
543, 64.0 30.0;
544, 64.0 15.0;
545, 64.0 -15.0;
546, 64.0 -30.0;
547, 64.0 -45.0;
548, 64.0 -60.0;
549, 64.0 -75.0;
550, 65.0 54.0;
551, 65.0 25.0;
552, 65.0 -25.0;
553, 65.0 -54.0;
554, 65.0 -81.0;
555, 65.0 0.0;
556, 65.0 90.0;
557, 65.0 75.0;
558, 65.0 60.0;
559, 65.0 45.0;
560, 65.0 30.0;
561, 65.0 15.0;
562, 65.0 -15.0;
563, 65.0 -30.0;
564, 65.0 -45.0;
565, 65.0 -60.0;
566, 65.0 -75.0;
567, 65.0 64.8;
568, 65.0 35.3;
569, 65.0 17.5;
570, 65.0 -17.5;
571, 65.0 -35.3;
572, 65.0 -64.8;
573, 65.9 54.0;
574, 65.9 25.0;
575, 65.9 -25.0;
576, 65.9 -54.0;
577, 65.9 -81.0;
578, 70.0 54.0;
579, 70.0 25.0;
580, 70.0 -25.0;
581, 70.0 -54.0;
582, 70.0 -81.0;
583, 70.0 0.0;
584, 70.0 90.0;
585, 70.0 75.0;
586, 70.0 60.0;
587, 70.0 45.0;
588, 70.0 30.0;
589, 70.0 15.0;
590, 70.0 -15.0;
591, 70.0 -30.0;
592, 70.0 -45.0;
593, 70.0 -60.0;
594, 70.0 -75.0;
595, 70.0 64.8;
596, 70.0 35.3;
597, 70.0 17.5;
598, 70.0 -17.5;
599, 70.0 -35.3;
600, 70.0 -64.8;
601, 71.0 54.0;
602, 71.0 25.0;
603, 71.0 -25.0;
604, 71.0 -54.0;
605, 71.0 -81.0;
606, 71.0 64.8;
607, 71.0 35.3;
608, 71.0 17.5;
609, 71.0 -17.5;
610, 71.0 -35.3;
611, 71.0 -64.8;
612, 71.6 54.0;
613, 71.6 25.0;
614, 71.6 -25.0;
615, 71.6 -54.0;
616, 71.6 -81.0;
617, 71.6 64.8;
618, 71.6 35.3;
619, 71.6 17.5;
620, 71.6 -17.5;
621, 71.6 -35.3;
622, 71.6 -64.8;
623, 72.0 54.0;
624, 72.0 25.0;
625, 72.0 -25.0;
626, 72.0 -54.0;
627, 72.0 -81.0;
628, 72.9 54.0;
629, 72.9 25.0;
630, 72.9 -25.0;
631, 72.9 -54.0;
632, 72.9 -81.0;
633, 72.9 64.8;
634, 72.9 35.3;
635, 72.9 17.5;
636, 72.9 -17.5;
637, 72.9 -35.3;
638, 72.9 -64.8;
639, 75.0 54.0;
640, 75.0 25.0;
641, 75.0 -25.0;
642, 75.0 -54.0;
643, 75.0 -81.0;
644, 75.0 0.0;
645, 75.0 90.0;
646, 75.0 75.0;
647, 75.0 60.0;
648, 75.0 45.0;
649, 75.0 30.0;
650, 75.0 15.0;
651, 75.0 -15.0;
652, 75.0 -30.0;
653, 75.0 -45.0;
654, 75.0 -60.0;
655, 75.0 -75.0;
656, 75.0 64.8;
657, 75.0 35.3;
658, 75.0 17.5;
659, 75.0 -17.5;
660, 75.0 -35.3;
661, 75.0 -64.8;
662, 76.7 54.0;
663, 76.7 25.0;
664, 76.7 -25.0;
665, 76.7 -54.0;
666, 76.7 -81.0;
667, 76.7 0.0;
668, 76.7 90.0;
669, 76.7 75.0;
670, 76.7 60.0;
671, 76.7 45.0;
672, 76.7 30.0;
673, 76.7 15.0;
674, 76.7 -15.0;
675, 76.7 -30.0;
676, 76.7 -45.0;
677, 76.7 -60.0;
678, 76.7 -75.0;
679, 77.3 54.0;
680, 77.3 25.0;
681, 77.3 -25.0;
682, 77.3 -54.0;
683, 77.3 -81.0;
684, 77.5 64.8;
685, 77.5 35.3;
686, 77.5 17.5;
687, 77.5 -17.5;
688, 77.5 -35.3;
689, 77.5 -64.8;
690, 80.0 54.0;
691, 80.0 25.0;
692, 80.0 -25.0;
693, 80.0 -54.0;
694, 80.0 -81.0;
695, 80.0 0.0;
696, 80.0 90.0;
697, 80.0 75.0;
698, 80.0 60.0;
699, 80.0 45.0;
700, 80.0 30.0;
701, 80.0 15.0;
702, 80.0 -15.0;
703, 80.0 -30.0;
704, 80.0 -45.0;
705, 80.0 -60.0;
706, 80.0 -75.0;
707, 80.0 64.8;
708, 80.0 35.3;
709, 80.0 17.5;
710, 80.0 -17.5;
711, 80.0 -35.3;
712, 80.0 -64.8;
713, 85.0 54.0;
714, 85.0 25.0;
715, 85.0 -25.0;
716, 85.0 -54.0;
717, 85.0 -81.0;
718, 85.0 0.0;
719, 85.0 90.0;
720, 85.0 75.0;
721, 85.0 60.0;
722, 85.0 45.0;
723, 85.0 30.0;
724, 85.0 15.0;
725, 85.0 -15.0;
726, 85.0 -30.0;
727, 85.0 -45.0;
728, 85.0 -60.0;
729, 85.0 -75.0;
730, 85.0 64.8;
731, 85.0 35.3;
732, 85.0 17.5;
733, 85.0 -17.5;
734, 85.0 -35.3;
735, 85.0 -64.8;
736, 90.0 54.0;
737, 90.0 25.0;
738, 90.0 -25.0;
739, 90.0 -54.0;
740, 90.0 -81.0;
741, 90.0 0.0;
742, 90.0 90.0;
743, 90.0 75.0;
744, 90.0 60.0;
745, 90.0 45.0;
746, 90.0 30.0;
747, 90.0 15.0;
748, 90.0 -15.0;
749, 90.0 -30.0;
750, 90.0 -45.0;
751, 90.0 -60.0;
752, 90.0 -75.0;
753, 90.0 64.8;
754, 90.0 35.3;
755, 90.0 17.5;
756, 90.0 -17.5;
757, 90.0 -35.3;
758, 90.0 -64.8;
759, 95.0 54.0;
760, 95.0 25.0;
761, 95.0 -25.0;
762, 95.0 -54.0;
763, 95.0 -81.0;
764, 95.0 0.0;
765, 95.0 90.0;
766, 95.0 75.0;
767, 95.0 60.0;
768, 95.0 45.0;
769, 95.0 30.0;
770, 95.0 15.0;
771, 95.0 -15.0;
772, 95.0 -30.0;
773, 95.0 -45.0;
774, 95.0 -60.0;
775, 95.0 -75.0;
776, 95.0 64.8;
777, 95.0 35.3;
778, 95.0 17.5;
779, 95.0 -17.5;
780, 95.0 -35.3;
781, 95.0 -64.8;
782, 99.0 0.0;
783, 99.0 90.0;
784, 99.0 75.0;
785, 99.0 60.0;
786, 99.0 45.0;
787, 99.0 30.0;
788, 99.0 15.0;
789, 99.0 -15.0;
790, 99.0 -30.0;
791, 99.0 -45.0;
792, 99.0 -60.0;
793, 99.0 -75.0;
794, 100.0 54.0;
795, 100.0 25.0;
796, 100.0 -25.0;
797, 100.0 -54.0;
798, 100.0 -81.0;
799, 100.0 0.0;
800, 100.0 90.0;
801, 100.0 75.0;
802, 100.0 60.0;
803, 100.0 45.0;
804, 100.0 30.0;
805, 100.0 15.0;
806, 100.0 -15.0;
807, 100.0 -30.0;
808, 100.0 -45.0;
809, 100.0 -60.0;
810, 100.0 -75.0;
811, 100.0 64.8;
812, 100.0 35.3;
813, 100.0 17.5;
814, 100.0 -17.5;
815, 100.0 -35.3;
816, 100.0 -64.8;
817, 102.8 54.0;
818, 102.8 25.0;
819, 102.8 -25.0;
820, 102.8 -54.0;
821, 102.8 -81.0;
822, 102.8 64.8;
823, 102.8 35.3;
824, 102.8 17.5;
825, 102.8 -17.5;
826, 102.8 -35.3;
827, 102.8 -64.8;
828, 103.3 0.0;
829, 103.3 90.0;
830, 103.3 75.0;
831, 103.3 60.0;
832, 103.3 45.0;
833, 103.3 30.0;
834, 103.3 15.0;
835, 103.3 -15.0;
836, 103.3 -30.0;
837, 103.3 -45.0;
838, 103.3 -60.0;
839, 103.3 -75.0;
840, 103.3 64.8;
841, 103.3 35.3;
842, 103.3 17.5;
843, 103.3 -17.5;
844, 103.3 -35.3;
845, 103.3 -64.8;
846, 105.0 54.0;
847, 105.0 25.0;
848, 105.0 -25.0;
849, 105.0 -54.0;
850, 105.0 -81.0;
851, 105.0 0.0;
852, 105.0 90.0;
853, 105.0 75.0;
854, 105.0 60.0;
855, 105.0 45.0;
856, 105.0 30.0;
857, 105.0 15.0;
858, 105.0 -15.0;
859, 105.0 -30.0;
860, 105.0 -45.0;
861, 105.0 -60.0;
862, 105.0 -75.0;
863, 105.0 64.8;
864, 105.0 35.3;
865, 105.0 17.5;
866, 105.0 -17.5;
867, 105.0 -35.3;
868, 105.0 -64.8;
869, 107.1 54.0;
870, 107.1 25.0;
871, 107.1 -25.0;
872, 107.1 -54.0;
873, 107.1 -81.0;
874, 107.1 64.8;
875, 107.1 35.3;
876, 107.1 17.5;
877, 107.1 -17.5;
878, 107.1 -35.3;
879, 107.1 -64.8;
880, 108.0 54.0;
881, 108.0 25.0;
882, 108.0 -25.0;
883, 108.0 -54.0;
884, 108.0 -81.0;
885, 108.4 54.0;
886, 108.4 25.0;
887, 108.4 -25.0;
888, 108.4 -54.0;
889, 108.4 -81.0;
890, 108.4 64.8;
891, 108.4 35.3;
892, 108.4 17.5;
893, 108.4 -17.5;
894, 108.4 -35.3;
895, 108.4 -64.8;
896, 109.0 54.0;
897, 109.0 25.0;
898, 109.0 -25.0;
899, 109.0 -54.0;
900, 109.0 -81.0;
901, 109.0 64.8;
902, 109.0 35.3;
903, 109.0 17.5;
904, 109.0 -17.5;
905, 109.0 -35.3;
906, 109.0 -64.8;
907, 110.0 54.0;
908, 110.0 25.0;
909, 110.0 -25.0;
910, 110.0 -54.0;
911, 110.0 -81.0;
912, 110.0 0.0;
913, 110.0 90.0;
914, 110.0 75.0;
915, 110.0 60.0;
916, 110.0 45.0;
917, 110.0 30.0;
918, 110.0 15.0;
919, 110.0 -15.0;
920, 110.0 -30.0;
921, 110.0 -45.0;
922, 110.0 -60.0;
923, 110.0 -75.0;
924, 110.0 64.8;
925, 110.0 35.3;
926, 110.0 17.5;
927, 110.0 -17.5;
928, 110.0 -35.3;
929, 110.0 -64.8;
930, 114.1 64.8;
931, 114.1 35.3;
932, 114.1 17.5;
933, 114.1 -17.5;
934, 114.1 -35.3;
935, 114.1 -64.8;
936, 115.0 54.0;
937, 115.0 25.0;
938, 115.0 -25.0;
939, 115.0 -54.0;
940, 115.0 -81.0;
941, 115.0 0.0;
942, 115.0 90.0;
943, 115.0 75.0;
944, 115.0 60.0;
945, 115.0 45.0;
946, 115.0 30.0;
947, 115.0 15.0;
948, 115.0 -15.0;
949, 115.0 -30.0;
950, 115.0 -45.0;
951, 115.0 -60.0;
952, 115.0 -75.0;
953, 115.0 64.8;
954, 115.0 35.3;
955, 115.0 17.5;
956, 115.0 -17.5;
957, 115.0 -35.3;
958, 115.0 -64.8;
959, 116.0 0.0;
960, 116.0 90.0;
961, 116.0 75.0;
962, 116.0 60.0;
963, 116.0 45.0;
964, 116.0 30.0;
965, 116.0 15.0;
966, 116.0 -15.0;
967, 116.0 -30.0;
968, 116.0 -45.0;
969, 116.0 -60.0;
970, 116.0 -75.0;
971, 116.6 0.0;
972, 116.6 90.0;
973, 116.6 75.0;
974, 116.6 60.0;
975, 116.6 45.0;
976, 116.6 30.0;
977, 116.6 15.0;
978, 116.6 -15.0;
979, 116.6 -30.0;
980, 116.6 -45.0;
981, 116.6 -60.0;
982, 116.6 -75.0;
983, 117.9 0.0;
984, 117.9 90.0;
985, 117.9 75.0;
986, 117.9 60.0;
987, 117.9 45.0;
988, 117.9 30.0;
989, 117.9 15.0;
990, 117.9 -15.0;
991, 117.9 -30.0;
992, 117.9 -45.0;
993, 117.9 -60.0;
994, 117.9 -75.0;
995, 120.0 54.0;
996, 120.0 25.0;
997, 120.0 -25.0;
998, 120.0 -54.0;
999, 120.0 -81.0;
1000, 120.0 0.0;
1001, 120.0 90.0;
1002, 120.0 75.0;
1003, 120.0 60.0;
1004, 120.0 45.0;
1005, 120.0 30.0;
1006, 120.0 15.0;
1007, 120.0 -15.0;
1008, 120.0 -30.0;
1009, 120.0 -45.0;
1010, 120.0 -60.0;
1011, 120.0 -75.0;
1012, 120.0 64.8;
1013, 120.0 35.3;
1014, 120.0 17.5;
1015, 120.0 -17.5;
1016, 120.0 -35.3;
1017, 120.0 -64.8;
1018, 121.7 64.8;
1019, 121.7 35.3;
1020, 121.7 17.5;
1021, 121.7 -17.5;
1022, 121.7 -35.3;
1023, 121.7 -64.8;
1024, 121.7 54.0;
1025, 121.7 25.0;
1026, 121.7 -25.0;
1027, 121.7 -54.0;
1028, 121.7 -81.0;
1029, 122.5 0.0;
1030, 122.5 90.0;
1031, 122.5 75.0;
1032, 122.5 60.0;
1033, 122.5 45.0;
1034, 122.5 30.0;
1035, 122.5 15.0;
1036, 122.5 -15.0;
1037, 122.5 -30.0;
1038, 122.5 -45.0;
1039, 122.5 -60.0;
1040, 122.5 -75.0;
1041, 125.0 54.0;
1042, 125.0 25.0;
1043, 125.0 -25.0;
1044, 125.0 -54.0;
1045, 125.0 -81.0;
1046, 125.0 0.0;
1047, 125.0 90.0;
1048, 125.0 75.0;
1049, 125.0 60.0;
1050, 125.0 45.0;
1051, 125.0 30.0;
1052, 125.0 15.0;
1053, 125.0 -15.0;
1054, 125.0 -30.0;
1055, 125.0 -45.0;
1056, 125.0 -60.0;
1057, 125.0 -75.0;
1058, 125.0 64.8;
1059, 125.0 35.3;
1060, 125.0 17.5;
1061, 125.0 -17.5;
1062, 125.0 -35.3;
1063, 125.0 -64.8;
1064, 126.0 64.8;
1065, 126.0 35.3;
1066, 126.0 17.5;
1067, 126.0 -17.5;
1068, 126.0 -35.3;
1069, 126.0 -64.8;
1070, 130.0 54.0;
1071, 130.0 25.0;
1072, 130.0 -25.0;
1073, 130.0 -54.0;
1074, 130.0 -81.0;
1075, 130.0 0.0;
1076, 130.0 90.0;
1077, 130.0 75.0;
1078, 130.0 60.0;
1079, 130.0 45.0;
1080, 130.0 30.0;
1081, 130.0 15.0;
1082, 130.0 -15.0;
1083, 130.0 -30.0;
1084, 130.0 -45.0;
1085, 130.0 -60.0;
1086, 130.0 -75.0;
1087, 130.0 64.8;
1088, 130.0 35.3;
1089, 130.0 17.5;
1090, 130.0 -17.5;
1091, 130.0 -35.3;
1092, 130.0 -64.8;
1093, 135.0 54.0;
1094, 135.0 25.0;
1095, 135.0 -25.0;
1096, 135.0 -54.0;
1097, 135.0 -81.0;
1098, 135.0 0.0;
1099, 135.0 90.0;
1100, 135.0 75.0;
1101, 135.0 60.0;
1102, 135.0 45.0;
1103, 135.0 30.0;
1104, 135.0 15.0;
1105, 135.0 -15.0;
1106, 135.0 -30.0;
1107, 135.0 -45.0;
1108, 135.0 -60.0;
1109, 135.0 -75.0;
1110, 135.0 64.8;
1111, 135.0 35.3;
1112, 135.0 17.5;
1113, 135.0 -17.5;
1114, 135.0 -35.3;
1115, 135.0 -64.8;
1116, 140.0 54.0;
1117, 140.0 25.0;
1118, 140.0 -25.0;
1119, 140.0 -54.0;
1120, 140.0 -81.0;
1121, 140.0 0.0;
1122, 140.0 90.0;
1123, 140.0 75.0;
1124, 140.0 60.0;
1125, 140.0 45.0;
1126, 140.0 30.0;
1127, 140.0 15.0;
1128, 140.0 -15.0;
1129, 140.0 -30.0;
1130, 140.0 -45.0;
1131, 140.0 -60.0;
1132, 140.0 -75.0;
1133, 140.0 64.8;
1134, 140.0 35.3;
1135, 140.0 17.5;
1136, 140.0 -17.5;
1137, 140.0 -35.3;
1138, 140.0 -64.8;
1139, 144.0 54.0;
1140, 144.0 25.0;
1141, 144.0 -25.0;
1142, 144.0 -54.0;
1143, 144.0 -81.0;
1144, 145.0 54.0;
1145, 145.0 25.0;
1146, 145.0 -25.0;
1147, 145.0 -54.0;
1148, 145.0 -81.0;
1149, 145.0 0.0;
1150, 145.0 90.0;
1151, 145.0 75.0;
1152, 145.0 60.0;
1153, 145.0 45.0;
1154, 145.0 30.0;
1155, 145.0 15.0;
1156, 145.0 -15.0;
1157, 145.0 -30.0;
1158, 145.0 -45.0;
1159, 145.0 -60.0;
1160, 145.0 -75.0;
1161, 145.0 64.8;
1162, 145.0 35.3;
1163, 145.0 17.5;
1164, 145.0 -17.5;
1165, 145.0 -35.3;
1166, 145.0 -64.8;
1167, 147.8 0.0;
1168, 147.8 90.0;
1169, 147.8 75.0;
1170, 147.8 60.0;
1171, 147.8 45.0;
1172, 147.8 30.0;
1173, 147.8 15.0;
1174, 147.8 -15.0;
1175, 147.8 -30.0;
1176, 147.8 -45.0;
1177, 147.8 -60.0;
1178, 147.8 -75.0;
1179, 148.3 54.0;
1180, 148.3 25.0;
1181, 148.3 -25.0;
1182, 148.3 -54.0;
1183, 148.3 -81.0;
1184, 148.3 0.0;
1185, 148.3 90.0;
1186, 148.3 75.0;
1187, 148.3 60.0;
1188, 148.3 45.0;
1189, 148.3 30.0;
1190, 148.3 15.0;
1191, 148.3 -15.0;
1192, 148.3 -30.0;
1193, 148.3 -45.0;
1194, 148.3 -60.0;
1195, 148.3 -75.0;
1196, 148.3 64.8;
1197, 148.3 35.3;
1198, 148.3 17.5;
1199, 148.3 -17.5;
1200, 148.3 -35.3;
1201, 148.3 -64.8;
1202, 150.0 54.0;
1203, 150.0 25.0;
1204, 150.0 -25.0;
1205, 150.0 -54.0;
1206, 150.0 -81.0;
1207, 150.0 0.0;
1208, 150.0 90.0;
1209, 150.0 75.0;
1210, 150.0 60.0;
1211, 150.0 45.0;
1212, 150.0 30.0;
1213, 150.0 15.0;
1214, 150.0 -15.0;
1215, 150.0 -30.0;
1216, 150.0 -45.0;
1217, 150.0 -60.0;
1218, 150.0 -75.0;
1219, 150.0 64.8;
1220, 150.0 35.3;
1221, 150.0 17.5;
1222, 150.0 -17.5;
1223, 150.0 -35.3;
1224, 150.0 -64.8;
1225, 152.1 0.0;
1226, 152.1 90.0;
1227, 152.1 75.0;
1228, 152.1 60.0;
1229, 152.1 45.0;
1230, 152.1 30.0;
1231, 152.1 15.0;
1232, 152.1 -15.0;
1233, 152.1 -30.0;
1234, 152.1 -45.0;
1235, 152.1 -60.0;
1236, 152.1 -75.0;
1237, 153.4 0.0;
1238, 153.4 90.0;
1239, 153.4 75.0;
1240, 153.4 60.0;
1241, 153.4 45.0;
1242, 153.4 30.0;
1243, 153.4 15.0;
1244, 153.4 -15.0;
1245, 153.4 -30.0;
1246, 153.4 -45.0;
1247, 153.4 -60.0;
1248, 153.4 -75.0;
1249, 154.0 0.0;
1250, 154.0 90.0;
1251, 154.0 75.0;
1252, 154.0 60.0;
1253, 154.0 45.0;
1254, 154.0 30.0;
1255, 154.0 15.0;
1256, 154.0 -15.0;
1257, 154.0 -30.0;
1258, 154.0 -45.0;
1259, 154.0 -60.0;
1260, 154.0 -75.0;
1261, 155.0 54.0;
1262, 155.0 25.0;
1263, 155.0 -25.0;
1264, 155.0 -54.0;
1265, 155.0 -81.0;
1266, 155.0 0.0;
1267, 155.0 90.0;
1268, 155.0 75.0;
1269, 155.0 60.0;
1270, 155.0 45.0;
1271, 155.0 30.0;
1272, 155.0 15.0;
1273, 155.0 -15.0;
1274, 155.0 -30.0;
1275, 155.0 -45.0;
1276, 155.0 -60.0;
1277, 155.0 -75.0;
1278, 155.0 64.8;
1279, 155.0 35.3;
1280, 155.0 17.5;
1281, 155.0 -17.5;
1282, 155.0 -35.3;
1283, 155.0 -64.8;
1284, 155.9 64.8;
1285, 155.9 35.3;
1286, 155.9 17.5;
1287, 155.9 -17.5;
1288, 155.9 -35.3;
1289, 155.9 -64.8;
1290, 159.1 0.0;
1291, 159.1 90.0;
1292, 159.1 75.0;
1293, 159.1 60.0;
1294, 159.1 45.0;
1295, 159.1 30.0;
1296, 159.1 15.0;
1297, 159.1 -15.0;
1298, 159.1 -30.0;
1299, 159.1 -45.0;
1300, 159.1 -60.0;
1301, 159.1 -75.0;
1302, 160.0 54.0;
1303, 160.0 25.0;
1304, 160.0 -25.0;
1305, 160.0 -54.0;
1306, 160.0 -81.0;
1307, 160.0 0.0;
1308, 160.0 90.0;
1309, 160.0 75.0;
1310, 160.0 60.0;
1311, 160.0 45.0;
1312, 160.0 30.0;
1313, 160.0 15.0;
1314, 160.0 -15.0;
1315, 160.0 -30.0;
1316, 160.0 -45.0;
1317, 160.0 -60.0;
1318, 160.0 -75.0;
1319, 160.0 64.8;
1320, 160.0 35.3;
1321, 160.0 17.5;
1322, 160.0 -17.5;
1323, 160.0 -35.3;
1324, 160.0 -64.8;
1325, 161.0 54.0;
1326, 161.0 25.0;
1327, 161.0 -25.0;
1328, 161.0 -54.0;
1329, 161.0 -81.0;
1330, 161.0 64.8;
1331, 161.0 35.3;
1332, 161.0 17.5;
1333, 161.0 -17.5;
1334, 161.0 -35.3;
1335, 161.0 -64.8;
1336, 161.6 54.0;
1337, 161.6 25.0;
1338, 161.6 -25.0;
1339, 161.6 -54.0;
1340, 161.6 -81.0;
1341, 161.6 64.8;
1342, 161.6 35.3;
1343, 161.6 17.5;
1344, 161.6 -17.5;
1345, 161.6 -35.3;
1346, 161.6 -64.8;
1347, 162.0 64.8;
1348, 162.0 35.3;
1349, 162.0 17.5;
1350, 162.0 -17.5;
1351, 162.0 -35.3;
1352, 162.0 -64.8;
1353, 162.9 54.0;
1354, 162.9 25.0;
1355, 162.9 -25.0;
1356, 162.9 -54.0;
1357, 162.9 -81.0;
1358, 162.9 64.8;
1359, 162.9 35.3;
1360, 162.9 17.5;
1361, 162.9 -17.5;
1362, 162.9 -35.3;
1363, 162.9 -64.8;
1364, 165.0 54.0;
1365, 165.0 25.0;
1366, 165.0 -25.0;
1367, 165.0 -54.0;
1368, 165.0 -81.0;
1369, 165.0 0.0;
1370, 165.0 90.0;
1371, 165.0 75.0;
1372, 165.0 60.0;
1373, 165.0 45.0;
1374, 165.0 30.0;
1375, 165.0 15.0;
1376, 165.0 -15.0;
1377, 165.0 -30.0;
1378, 165.0 -45.0;
1379, 165.0 -60.0;
1380, 165.0 -75.0;
1381, 165.0 64.8;
1382, 165.0 35.3;
1383, 165.0 17.5;
1384, 165.0 -17.5;
1385, 165.0 -35.3;
1386, 165.0 -64.8;
1387, 166.7 0.0;
1388, 166.7 90.0;
1389, 166.7 75.0;
1390, 166.7 60.0;
1391, 166.7 45.0;
1392, 166.7 30.0;
1393, 166.7 15.0;
1394, 166.7 -15.0;
1395, 166.7 -30.0;
1396, 166.7 -45.0;
1397, 166.7 -60.0;
1398, 166.7 -75.0;
1399, 166.7 64.8;
1400, 166.7 35.3;
1401, 166.7 17.5;
1402, 166.7 -17.5;
1403, 166.7 -35.3;
1404, 166.7 -64.8;
1405, 167.3 64.8;
1406, 167.3 35.3;
1407, 167.3 17.5;
1408, 167.3 -17.5;
1409, 167.3 -35.3;
1410, 167.3 -64.8;
1411, 167.5 54.0;
1412, 167.5 25.0;
1413, 167.5 -25.0;
1414, 167.5 -54.0;
1415, 167.5 -81.0;
1416, 170.0 54.0;
1417, 170.0 25.0;
1418, 170.0 -25.0;
1419, 170.0 -54.0;
1420, 170.0 -81.0;
1421, 170.0 0.0;
1422, 170.0 90.0;
1423, 170.0 75.0;
1424, 170.0 60.0;
1425, 170.0 45.0;
1426, 170.0 30.0;
1427, 170.0 15.0;
1428, 170.0 -15.0;
1429, 170.0 -30.0;
1430, 170.0 -45.0;
1431, 170.0 -60.0;
1432, 170.0 -75.0;
1433, 170.0 64.8;
1434, 170.0 35.3;
1435, 170.0 17.5;
1436, 170.0 -17.5;
1437, 170.0 -35.3;
1438, 170.0 -64.8;
1439, 171.0 0.0;
1440, 171.0 90.0;
1441, 171.0 75.0;
1442, 171.0 60.0;
1443, 171.0 45.0;
1444, 171.0 30.0;
1445, 171.0 15.0;
1446, 171.0 -15.0;
1447, 171.0 -30.0;
1448, 171.0 -45.0;
1449, 171.0 -60.0;
1450, 171.0 -75.0;
1451, 175.0 54.0;
1452, 175.0 25.0;
1453, 175.0 -25.0;
1454, 175.0 -54.0;
1455, 175.0 -81.0;
1456, 175.0 0.0;
1457, 175.0 90.0;
1458, 175.0 75.0;
1459, 175.0 60.0;
1460, 175.0 45.0;
1461, 175.0 30.0;
1462, 175.0 15.0;
1463, 175.0 -15.0;
1464, 175.0 -30.0;
1465, 175.0 -45.0;
1466, 175.0 -60.0;
1467, 175.0 -75.0;
1468, 175.0 64.8;
1469, 175.0 35.3;
1470, 175.0 17.5;
1471, 175.0 -17.5;
1472, 175.0 -35.3;
1473, 175.0 -64.8;
1474, 180.0 54.0;
1475, 180.0 25.0;
1476, 180.0 -25.0;
1477, 180.0 -54.0;
1478, 180.0 -81.0;
1479, 180.0 0.0;
1480, 180.0 90.0;
1481, 180.0 75.0;
1482, 180.0 60.0;
1483, 180.0 45.0;
1484, 180.0 30.0;
1485, 180.0 15.0;
1486, 180.0 -15.0;
1487, 180.0 -30.0;
1488, 180.0 -45.0;
1489, 180.0 -60.0;
1490, 180.0 -75.0;
1491, 180.0 64.8;
1492, 180.0 35.3;
1493, 180.0 17.5;
1494, 180.0 -17.5;
1495, 180.0 -35.3;
1496, 180.0 -64.8;
1497, 185.0 54.0;
1498, 185.0 25.0;
1499, 185.0 -25.0;
1500, 185.0 -54.0;
1501, 185.0 -81.0;
1502, 185.0 0.0;
1503, 185.0 90.0;
1504, 185.0 75.0;
1505, 185.0 60.0;
1506, 185.0 45.0;
1507, 185.0 30.0;
1508, 185.0 15.0;
1509, 185.0 -15.0;
1510, 185.0 -30.0;
1511, 185.0 -45.0;
1512, 185.0 -60.0;
1513, 185.0 -75.0;
1514, 185.0 64.8;
1515, 185.0 35.3;
1516, 185.0 17.5;
1517, 185.0 -17.5;
1518, 185.0 -35.3;
1519, 185.0 -64.8;
1520, 190.0 54.0;
1521, 190.0 25.0;
1522, 190.0 -25.0;
1523, 190.0 -54.0;
1524, 190.0 -81.0;
1525, 190.0 0.0;
1526, 190.0 90.0;
1527, 190.0 75.0;
1528, 190.0 60.0;
1529, 190.0 45.0;
1530, 190.0 30.0;
1531, 190.0 15.0;
1532, 190.0 -15.0;
1533, 190.0 -30.0;
1534, 190.0 -45.0;
1535, 190.0 -60.0;
1536, 190.0 -75.0;
1537, 190.0 64.8;
1538, 190.0 35.3;
1539, 190.0 17.5;
1540, 190.0 -17.5;
1541, 190.0 -35.3;
1542, 190.0 -64.8;
1543, 192.8 54.0;
1544, 192.8 25.0;
1545, 192.8 -25.0;
1546, 192.8 -54.0;
1547, 192.8 -81.0;
1548, 192.8 64.8;
1549, 192.8 35.3;
1550, 192.8 17.5;
1551, 192.8 -17.5;
1552, 192.8 -35.3;
1553, 192.8 -64.8;
1554, 193.3 54.0;
1555, 193.3 25.0;
1556, 193.3 -25.0;
1557, 193.3 -54.0;
1558, 193.3 -81.0;
1559, 193.3 0.0;
1560, 193.3 90.0;
1561, 193.3 75.0;
1562, 193.3 60.0;
1563, 193.3 45.0;
1564, 193.3 30.0;
1565, 193.3 15.0;
1566, 193.3 -15.0;
1567, 193.3 -30.0;
1568, 193.3 -45.0;
1569, 193.3 -60.0;
1570, 193.3 -75.0;
1571, 195.0 54.0;
1572, 195.0 25.0;
1573, 195.0 -25.0;
1574, 195.0 -54.0;
1575, 195.0 -81.0;
1576, 195.0 0.0;
1577, 195.0 90.0;
1578, 195.0 75.0;
1579, 195.0 60.0;
1580, 195.0 45.0;
1581, 195.0 30.0;
1582, 195.0 15.0;
1583, 195.0 -15.0;
1584, 195.0 -30.0;
1585, 195.0 -45.0;
1586, 195.0 -60.0;
1587, 195.0 -75.0;
1588, 195.0 64.8;
1589, 195.0 35.3;
1590, 195.0 17.5;
1591, 195.0 -17.5;
1592, 195.0 -35.3;
1593, 195.0 -64.8;
1594, 197.1 54.0;
1595, 197.1 25.0;
1596, 197.1 -25.0;
1597, 197.1 -54.0;
1598, 197.1 -81.0;
1599, 197.1 64.8;
1600, 197.1 35.3;
1601, 197.1 17.5;
1602, 197.1 -17.5;
1603, 197.1 -35.3;
1604, 197.1 -64.8;
1605, 198.0 64.8;
1606, 198.0 35.3;
1607, 198.0 17.5;
1608, 198.0 -17.5;
1609, 198.0 -35.3;
1610, 198.0 -64.8;
1611, 198.4 54.0;
1612, 198.4 25.0;
1613, 198.4 -25.0;
1614, 198.4 -54.0;
1615, 198.4 -81.0;
1616, 198.4 64.8;
1617, 198.4 35.3;
1618, 198.4 17.5;
1619, 198.4 -17.5;
1620, 198.4 -35.3;
1621, 198.4 -64.8;
1622, 199.0 54.0;
1623, 199.0 25.0;
1624, 199.0 -25.0;
1625, 199.0 -54.0;
1626, 199.0 -81.0;
1627, 199.0 64.8;
1628, 199.0 35.3;
1629, 199.0 17.5;
1630, 199.0 -17.5;
1631, 199.0 -35.3;
1632, 199.0 -64.8;
1633, 200.0 54.0;
1634, 200.0 25.0;
1635, 200.0 -25.0;
1636, 200.0 -54.0;
1637, 200.0 -81.0;
1638, 200.0 0.0;
1639, 200.0 90.0;
1640, 200.0 75.0;
1641, 200.0 60.0;
1642, 200.0 45.0;
1643, 200.0 30.0;
1644, 200.0 15.0;
1645, 200.0 -15.0;
1646, 200.0 -30.0;
1647, 200.0 -45.0;
1648, 200.0 -60.0;
1649, 200.0 -75.0;
1650, 200.0 64.8;
1651, 200.0 35.3;
1652, 200.0 17.5;
1653, 200.0 -17.5;
1654, 200.0 -35.3;
1655, 200.0 -64.8;
1656, 200.9 0.0;
1657, 200.9 90.0;
1658, 200.9 75.0;
1659, 200.9 60.0;
1660, 200.9 45.0;
1661, 200.9 30.0;
1662, 200.9 15.0;
1663, 200.9 -15.0;
1664, 200.9 -30.0;
1665, 200.9 -45.0;
1666, 200.9 -60.0;
1667, 200.9 -75.0;
1668, 204.1 54.0;
1669, 204.1 25.0;
1670, 204.1 -25.0;
1671, 204.1 -54.0;
1672, 204.1 -81.0;
1673, 205.0 54.0;
1674, 205.0 25.0;
1675, 205.0 -25.0;
1676, 205.0 -54.0;
1677, 205.0 -81.0;
1678, 205.0 0.0;
1679, 205.0 90.0;
1680, 205.0 75.0;
1681, 205.0 60.0;
1682, 205.0 45.0;
1683, 205.0 30.0;
1684, 205.0 15.0;
1685, 205.0 -15.0;
1686, 205.0 -30.0;
1687, 205.0 -45.0;
1688, 205.0 -60.0;
1689, 205.0 -75.0;
1690, 205.0 64.8;
1691, 205.0 35.3;
1692, 205.0 17.5;
1693, 205.0 -17.5;
1694, 205.0 -35.3;
1695, 205.0 -64.8;
1696, 206.0 0.0;
1697, 206.0 90.0;
1698, 206.0 75.0;
1699, 206.0 60.0;
1700, 206.0 45.0;
1701, 206.0 30.0;
1702, 206.0 15.0;
1703, 206.0 -15.0;
1704, 206.0 -30.0;
1705, 206.0 -45.0;
1706, 206.0 -60.0;
1707, 206.0 -75.0;
1708, 206.6 0.0;
1709, 206.6 90.0;
1710, 206.6 75.0;
1711, 206.6 60.0;
1712, 206.6 45.0;
1713, 206.6 30.0;
1714, 206.6 15.0;
1715, 206.6 -15.0;
1716, 206.6 -30.0;
1717, 206.6 -45.0;
1718, 206.6 -60.0;
1719, 206.6 -75.0;
1720, 207.0 0.0;
1721, 207.0 90.0;
1722, 207.0 75.0;
1723, 207.0 60.0;
1724, 207.0 45.0;
1725, 207.0 30.0;
1726, 207.0 15.0;
1727, 207.0 -15.0;
1728, 207.0 -30.0;
1729, 207.0 -45.0;
1730, 207.0 -60.0;
1731, 207.0 -75.0;
1732, 207.9 0.0;
1733, 207.9 90.0;
1734, 207.9 75.0;
1735, 207.9 60.0;
1736, 207.9 45.0;
1737, 207.9 30.0;
1738, 207.9 15.0;
1739, 207.9 -15.0;
1740, 207.9 -30.0;
1741, 207.9 -45.0;
1742, 207.9 -60.0;
1743, 207.9 -75.0;
1744, 210.0 54.0;
1745, 210.0 25.0;
1746, 210.0 -25.0;
1747, 210.0 -54.0;
1748, 210.0 -81.0;
1749, 210.0 0.0;
1750, 210.0 90.0;
1751, 210.0 75.0;
1752, 210.0 60.0;
1753, 210.0 45.0;
1754, 210.0 30.0;
1755, 210.0 15.0;
1756, 210.0 -15.0;
1757, 210.0 -30.0;
1758, 210.0 -45.0;
1759, 210.0 -60.0;
1760, 210.0 -75.0;
1761, 210.0 64.8;
1762, 210.0 35.3;
1763, 210.0 17.5;
1764, 210.0 -17.5;
1765, 210.0 -35.3;
1766, 210.0 -64.8;
1767, 211.7 54.0;
1768, 211.7 25.0;
1769, 211.7 -25.0;
1770, 211.7 -54.0;
1771, 211.7 -81.0;
1772, 211.7 0.0;
1773, 211.7 90.0;
1774, 211.7 75.0;
1775, 211.7 60.0;
1776, 211.7 45.0;
1777, 211.7 30.0;
1778, 211.7 15.0;
1779, 211.7 -15.0;
1780, 211.7 -30.0;
1781, 211.7 -45.0;
1782, 211.7 -60.0;
1783, 211.7 -75.0;
1784, 211.7 64.8;
1785, 211.7 35.3;
1786, 211.7 17.5;
1787, 211.7 -17.5;
1788, 211.7 -35.3;
1789, 211.7 -64.8;
1790, 212.3 0.0;
1791, 212.3 90.0;
1792, 212.3 75.0;
1793, 212.3 60.0;
1794, 212.3 45.0;
1795, 212.3 30.0;
1796, 212.3 15.0;
1797, 212.3 -15.0;
1798, 212.3 -30.0;
1799, 212.3 -45.0;
1800, 212.3 -60.0;
1801, 212.3 -75.0;
1802, 215.0 54.0;
1803, 215.0 25.0;
1804, 215.0 -25.0;
1805, 215.0 -54.0;
1806, 215.0 -81.0;
1807, 215.0 0.0;
1808, 215.0 90.0;
1809, 215.0 75.0;
1810, 215.0 60.0;
1811, 215.0 45.0;
1812, 215.0 30.0;
1813, 215.0 15.0;
1814, 215.0 -15.0;
1815, 215.0 -30.0;
1816, 215.0 -45.0;
1817, 215.0 -60.0;
1818, 215.0 -75.0;
1819, 215.0 64.8;
1820, 215.0 35.3;
1821, 215.0 17.5;
1822, 215.0 -17.5;
1823, 215.0 -35.3;
1824, 215.0 -64.8;
1825, 216.0 54.0;
1826, 216.0 25.0;
1827, 216.0 -25.0;
1828, 216.0 -54.0;
1829, 216.0 -81.0;
1830, 220.0 54.0;
1831, 220.0 25.0;
1832, 220.0 -25.0;
1833, 220.0 -54.0;
1834, 220.0 -81.0;
1835, 220.0 0.0;
1836, 220.0 90.0;
1837, 220.0 75.0;
1838, 220.0 60.0;
1839, 220.0 45.0;
1840, 220.0 30.0;
1841, 220.0 15.0;
1842, 220.0 -15.0;
1843, 220.0 -30.0;
1844, 220.0 -45.0;
1845, 220.0 -60.0;
1846, 220.0 -75.0;
1847, 220.0 64.8;
1848, 220.0 35.3;
1849, 220.0 17.5;
1850, 220.0 -17.5;
1851, 220.0 -35.3;
1852, 220.0 -64.8;
1853, 225.0 54.0;
1854, 225.0 25.0;
1855, 225.0 -25.0;
1856, 225.0 -54.0;
1857, 225.0 -81.0;
1858, 225.0 0.0;
1859, 225.0 90.0;
1860, 225.0 75.0;
1861, 225.0 60.0;
1862, 225.0 45.0;
1863, 225.0 30.0;
1864, 225.0 15.0;
1865, 225.0 -15.0;
1866, 225.0 -30.0;
1867, 225.0 -45.0;
1868, 225.0 -60.0;
1869, 225.0 -75.0;
1870, 225.0 64.8;
1871, 225.0 35.3;
1872, 225.0 17.5;
1873, 225.0 -17.5;
1874, 225.0 -35.3;
1875, 225.0 -64.8;
1876, 230.0 54.0;
1877, 230.0 25.0;
1878, 230.0 -25.0;
1879, 230.0 -54.0;
1880, 230.0 -81.0;
1881, 230.0 0.0;
1882, 230.0 90.0;
1883, 230.0 75.0;
1884, 230.0 60.0;
1885, 230.0 45.0;
1886, 230.0 30.0;
1887, 230.0 15.0;
1888, 230.0 -15.0;
1889, 230.0 -30.0;
1890, 230.0 -45.0;
1891, 230.0 -60.0;
1892, 230.0 -75.0;
1893, 230.0 64.8;
1894, 230.0 35.3;
1895, 230.0 17.5;
1896, 230.0 -17.5;
1897, 230.0 -35.3;
1898, 230.0 -64.8;
1899, 234.0 64.8;
1900, 234.0 35.3;
1901, 234.0 17.5;
1902, 234.0 -17.5;
1903, 234.0 -35.3;
1904, 234.0 -64.8;
1905, 235.0 54.0;
1906, 235.0 25.0;
1907, 235.0 -25.0;
1908, 235.0 -54.0;
1909, 235.0 -81.0;
1910, 235.0 0.0;
1911, 235.0 90.0;
1912, 235.0 75.0;
1913, 235.0 60.0;
1914, 235.0 45.0;
1915, 235.0 30.0;
1916, 235.0 15.0;
1917, 235.0 -15.0;
1918, 235.0 -30.0;
1919, 235.0 -45.0;
1920, 235.0 -60.0;
1921, 235.0 -75.0;
1922, 235.0 64.8;
1923, 235.0 35.3;
1924, 235.0 17.5;
1925, 235.0 -17.5;
1926, 235.0 -35.3;
1927, 235.0 -64.8;
1928, 237.8 0.0;
1929, 237.8 90.0;
1930, 237.8 75.0;
1931, 237.8 60.0;
1932, 237.8 45.0;
1933, 237.8 30.0;
1934, 237.8 15.0;
1935, 237.8 -15.0;
1936, 237.8 -30.0;
1937, 237.8 -45.0;
1938, 237.8 -60.0;
1939, 237.8 -75.0;
1940, 238.3 54.0;
1941, 238.3 25.0;
1942, 238.3 -25.0;
1943, 238.3 -54.0;
1944, 238.3 -81.0;
1945, 238.3 64.8;
1946, 238.3 35.3;
1947, 238.3 17.5;
1948, 238.3 -17.5;
1949, 238.3 -35.3;
1950, 238.3 -64.8;
1951, 240.0 54.0;
1952, 240.0 25.0;
1953, 240.0 -25.0;
1954, 240.0 -54.0;
1955, 240.0 -81.0;
1956, 240.0 0.0;
1957, 240.0 90.0;
1958, 240.0 75.0;
1959, 240.0 60.0;
1960, 240.0 45.0;
1961, 240.0 30.0;
1962, 240.0 15.0;
1963, 240.0 -15.0;
1964, 240.0 -30.0;
1965, 240.0 -45.0;
1966, 240.0 -60.0;
1967, 240.0 -75.0;
1968, 240.0 64.8;
1969, 240.0 35.3;
1970, 240.0 17.5;
1971, 240.0 -17.5;
1972, 240.0 -35.3;
1973, 240.0 -64.8;
1974, 242.1 0.0;
1975, 242.1 90.0;
1976, 242.1 75.0;
1977, 242.1 60.0;
1978, 242.1 45.0;
1979, 242.1 30.0;
1980, 242.1 15.0;
1981, 242.1 -15.0;
1982, 242.1 -30.0;
1983, 242.1 -45.0;
1984, 242.1 -60.0;
1985, 242.1 -75.0;
1986, 243.0 0.0;
1987, 243.0 90.0;
1988, 243.0 75.0;
1989, 243.0 60.0;
1990, 243.0 45.0;
1991, 243.0 30.0;
1992, 243.0 15.0;
1993, 243.0 -15.0;
1994, 243.0 -30.0;
1995, 243.0 -45.0;
1996, 243.0 -60.0;
1997, 243.0 -75.0;
1998, 243.4 0.0;
1999, 243.4 90.0;
2000, 243.4 75.0;
2001, 243.4 60.0;
2002, 243.4 45.0;
2003, 243.4 30.0;
2004, 243.4 15.0;
2005, 243.4 -15.0;
2006, 243.4 -30.0;
2007, 243.4 -45.0;
2008, 243.4 -60.0;
2009, 243.4 -75.0;
2010, 244.0 0.0;
2011, 244.0 90.0;
2012, 244.0 75.0;
2013, 244.0 60.0;
2014, 244.0 45.0;
2015, 244.0 30.0;
2016, 244.0 15.0;
2017, 244.0 -15.0;
2018, 244.0 -30.0;
2019, 244.0 -45.0;
2020, 244.0 -60.0;
2021, 244.0 -75.0;
2022, 245.0 54.0;
2023, 245.0 25.0;
2024, 245.0 -25.0;
2025, 245.0 -54.0;
2026, 245.0 -81.0;
2027, 245.0 0.0;
2028, 245.0 90.0;
2029, 245.0 75.0;
2030, 245.0 60.0;
2031, 245.0 45.0;
2032, 245.0 30.0;
2033, 245.0 15.0;
2034, 245.0 -15.0;
2035, 245.0 -30.0;
2036, 245.0 -45.0;
2037, 245.0 -60.0;
2038, 245.0 -75.0;
2039, 245.0 64.8;
2040, 245.0 35.3;
2041, 245.0 17.5;
2042, 245.0 -17.5;
2043, 245.0 -35.3;
2044, 245.0 -64.8;
2045, 245.9 54.0;
2046, 245.9 25.0;
2047, 245.9 -25.0;
2048, 245.9 -54.0;
2049, 245.9 -81.0;
2050, 250.0 54.0;
2051, 250.0 25.0;
2052, 250.0 -25.0;
2053, 250.0 -54.0;
2054, 250.0 -81.0;
2055, 250.0 0.0;
2056, 250.0 90.0;
2057, 250.0 75.0;
2058, 250.0 60.0;
2059, 250.0 45.0;
2060, 250.0 30.0;
2061, 250.0 15.0;
2062, 250.0 -15.0;
2063, 250.0 -30.0;
2064, 250.0 -45.0;
2065, 250.0 -60.0;
2066, 250.0 -75.0;
2067, 250.0 64.8;
2068, 250.0 35.3;
2069, 250.0 17.5;
2070, 250.0 -17.5;
2071, 250.0 -35.3;
2072, 250.0 -64.8;
2073, 251.0 54.0;
2074, 251.0 25.0;
2075, 251.0 -25.0;
2076, 251.0 -54.0;
2077, 251.0 -81.0;
2078, 251.0 64.8;
2079, 251.0 35.3;
2080, 251.0 17.5;
2081, 251.0 -17.5;
2082, 251.0 -35.3;
2083, 251.0 -64.8;
2084, 251.6 54.0;
2085, 251.6 25.0;
2086, 251.6 -25.0;
2087, 251.6 -54.0;
2088, 251.6 -81.0;
2089, 251.6 64.8;
2090, 251.6 35.3;
2091, 251.6 17.5;
2092, 251.6 -17.5;
2093, 251.6 -35.3;
2094, 251.6 -64.8;
2095, 252.0 54.0;
2096, 252.0 25.0;
2097, 252.0 -25.0;
2098, 252.0 -54.0;
2099, 252.0 -81.0;
2100, 252.9 64.8;
2101, 252.9 35.3;
2102, 252.9 17.5;
2103, 252.9 -17.5;
2104, 252.9 -35.3;
2105, 252.9 -64.8;
2106, 252.9 54.0;
2107, 252.9 25.0;
2108, 252.9 -25.0;
2109, 252.9 -54.0;
2110, 252.9 -81.0;
2111, 255.0 54.0;
2112, 255.0 25.0;
2113, 255.0 -25.0;
2114, 255.0 -54.0;
2115, 255.0 -81.0;
2116, 255.0 0.0;
2117, 255.0 90.0;
2118, 255.0 75.0;
2119, 255.0 60.0;
2120, 255.0 45.0;
2121, 255.0 30.0;
2122, 255.0 15.0;
2123, 255.0 -15.0;
2124, 255.0 -30.0;
2125, 255.0 -45.0;
2126, 255.0 -60.0;
2127, 255.0 -75.0;
2128, 255.0 64.8;
2129, 255.0 35.3;
2130, 255.0 17.5;
2131, 255.0 -17.5;
2132, 255.0 -35.3;
2133, 255.0 -64.8;
2134, 256.7 54.0;
2135, 256.7 25.0;
2136, 256.7 -25.0;
2137, 256.7 -54.0;
2138, 256.7 -81.0;
2139, 256.7 0.0;
2140, 256.7 90.0;
2141, 256.7 75.0;
2142, 256.7 60.0;
2143, 256.7 45.0;
2144, 256.7 30.0;
2145, 256.7 15.0;
2146, 256.7 -15.0;
2147, 256.7 -30.0;
2148, 256.7 -45.0;
2149, 256.7 -60.0;
2150, 256.7 -75.0;
2151, 257.3 54.0;
2152, 257.3 25.0;
2153, 257.3 -25.0;
2154, 257.3 -54.0;
2155, 257.3 -81.0;
2156, 257.3 64.8;
2157, 257.3 35.3;
2158, 257.3 17.5;
2159, 257.3 -17.5;
2160, 257.3 -35.3;
2161, 257.3 -64.8;
2162, 260.0 54.0;
2163, 260.0 25.0;
2164, 260.0 -25.0;
2165, 260.0 -54.0;
2166, 260.0 -81.0;
2167, 260.0 0.0;
2168, 260.0 90.0;
2169, 260.0 75.0;
2170, 260.0 60.0;
2171, 260.0 45.0;
2172, 260.0 30.0;
2173, 260.0 15.0;
2174, 260.0 -15.0;
2175, 260.0 -30.0;
2176, 260.0 -45.0;
2177, 260.0 -60.0;
2178, 260.0 -75.0;
2179, 260.0 64.8;
2180, 260.0 35.3;
2181, 260.0 17.5;
2182, 260.0 -17.5;
2183, 260.0 -35.3;
2184, 260.0 -64.8;
2185, 265.0 54.0;
2186, 265.0 25.0;
2187, 265.0 -25.0;
2188, 265.0 -54.0;
2189, 265.0 -81.0;
2190, 265.0 0.0;
2191, 265.0 90.0;
2192, 265.0 75.0;
2193, 265.0 60.0;
2194, 265.0 45.0;
2195, 265.0 30.0;
2196, 265.0 15.0;
2197, 265.0 -15.0;
2198, 265.0 -30.0;
2199, 265.0 -45.0;
2200, 265.0 -60.0;
2201, 265.0 -75.0;
2202, 265.0 64.8;
2203, 265.0 35.3;
2204, 265.0 17.5;
2205, 265.0 -17.5;
2206, 265.0 -35.3;
2207, 265.0 -64.8;
2208, 270.0 54.0;
2209, 270.0 25.0;
2210, 270.0 -25.0;
2211, 270.0 -54.0;
2212, 270.0 -81.0;
2213, 270.0 0.0;
2214, 270.0 90.0;
2215, 270.0 75.0;
2216, 270.0 60.0;
2217, 270.0 45.0;
2218, 270.0 30.0;
2219, 270.0 15.0;
2220, 270.0 -15.0;
2221, 270.0 -30.0;
2222, 270.0 -45.0;
2223, 270.0 -60.0;
2224, 270.0 -75.0;
2225, 270.0 64.8;
2226, 270.0 35.3;
2227, 270.0 17.5;
2228, 270.0 -17.5;
2229, 270.0 -35.3;
2230, 270.0 -64.8;
2231, 275.0 54.0;
2232, 275.0 25.0;
2233, 275.0 -25.0;
2234, 275.0 -54.0;
2235, 275.0 -81.0;
2236, 275.0 0.0;
2237, 275.0 90.0;
2238, 275.0 75.0;
2239, 275.0 60.0;
2240, 275.0 45.0;
2241, 275.0 30.0;
2242, 275.0 15.0;
2243, 275.0 -15.0;
2244, 275.0 -30.0;
2245, 275.0 -45.0;
2246, 275.0 -60.0;
2247, 275.0 -75.0;
2248, 275.0 64.8;
2249, 275.0 35.3;
2250, 275.0 17.5;
2251, 275.0 -17.5;
2252, 275.0 -35.3;
2253, 275.0 -64.8;
2254, 279.0 0.0;
2255, 279.0 90.0;
2256, 279.0 75.0;
2257, 279.0 60.0;
2258, 279.0 45.0;
2259, 279.0 30.0;
2260, 279.0 15.0;
2261, 279.0 -15.0;
2262, 279.0 -30.0;
2263, 279.0 -45.0;
2264, 279.0 -60.0;
2265, 279.0 -75.0;
2266, 280.0 54.0;
2267, 280.0 25.0;
2268, 280.0 -25.0;
2269, 280.0 -54.0;
2270, 280.0 -81.0;
2271, 280.0 0.0;
2272, 280.0 90.0;
2273, 280.0 75.0;
2274, 280.0 60.0;
2275, 280.0 45.0;
2276, 280.0 30.0;
2277, 280.0 15.0;
2278, 280.0 -15.0;
2279, 280.0 -30.0;
2280, 280.0 -45.0;
2281, 280.0 -60.0;
2282, 280.0 -75.0;
2283, 280.0 64.8;
2284, 280.0 35.3;
2285, 280.0 17.5;
2286, 280.0 -17.5;
2287, 280.0 -35.3;
2288, 280.0 -64.8;
2289, 282.8 54.0;
2290, 282.8 25.0;
2291, 282.8 -25.0;
2292, 282.8 -54.0;
2293, 282.8 -81.0;
2294, 282.8 64.8;
2295, 282.8 35.3;
2296, 282.8 17.5;
2297, 282.8 -17.5;
2298, 282.8 -35.3;
2299, 282.8 -64.8;
2300, 283.3 0.0;
2301, 283.3 90.0;
2302, 283.3 75.0;
2303, 283.3 60.0;
2304, 283.3 45.0;
2305, 283.3 30.0;
2306, 283.3 15.0;
2307, 283.3 -15.0;
2308, 283.3 -30.0;
2309, 283.3 -45.0;
2310, 283.3 -60.0;
2311, 283.3 -75.0;
2312, 283.3 64.8;
2313, 283.3 35.3;
2314, 283.3 17.5;
2315, 283.3 -17.5;
2316, 283.3 -35.3;
2317, 283.3 -64.8;
2318, 285.0 54.0;
2319, 285.0 25.0;
2320, 285.0 -25.0;
2321, 285.0 -54.0;
2322, 285.0 -81.0;
2323, 285.0 0.0;
2324, 285.0 90.0;
2325, 285.0 75.0;
2326, 285.0 60.0;
2327, 285.0 45.0;
2328, 285.0 30.0;
2329, 285.0 15.0;
2330, 285.0 -15.0;
2331, 285.0 -30.0;
2332, 285.0 -45.0;
2333, 285.0 -60.0;
2334, 285.0 -75.0;
2335, 285.0 64.8;
2336, 285.0 35.3;
2337, 285.0 17.5;
2338, 285.0 -17.5;
2339, 285.0 -35.3;
2340, 285.0 -64.8;
2341, 287.1 54.0;
2342, 287.1 25.0;
2343, 287.1 -25.0;
2344, 287.1 -54.0;
2345, 287.1 -81.0;
2346, 287.1 64.8;
2347, 287.1 35.3;
2348, 287.1 17.5;
2349, 287.1 -17.5;
2350, 287.1 -35.3;
2351, 287.1 -64.8;
2352, 288.0 54.0;
2353, 288.0 25.0;
2354, 288.0 -25.0;
2355, 288.0 -54.0;
2356, 288.0 -81.0;
2357, 288.4 54.0;
2358, 288.4 25.0;
2359, 288.4 -25.0;
2360, 288.4 -54.0;
2361, 288.4 -81.0;
2362, 288.4 64.8;
2363, 288.4 35.3;
2364, 288.4 17.5;
2365, 288.4 -17.5;
2366, 288.4 -35.3;
2367, 288.4 -64.8;
2368, 289.0 54.0;
2369, 289.0 25.0;
2370, 289.0 -25.0;
2371, 289.0 -54.0;
2372, 289.0 -81.0;
2373, 289.0 64.8;
2374, 289.0 35.3;
2375, 289.0 17.5;
2376, 289.0 -17.5;
2377, 289.0 -35.3;
2378, 289.0 -64.8;
2379, 290.0 54.0;
2380, 290.0 25.0;
2381, 290.0 -25.0;
2382, 290.0 -54.0;
2383, 290.0 -81.0;
2384, 290.0 0.0;
2385, 290.0 90.0;
2386, 290.0 75.0;
2387, 290.0 60.0;
2388, 290.0 45.0;
2389, 290.0 30.0;
2390, 290.0 15.0;
2391, 290.0 -15.0;
2392, 290.0 -30.0;
2393, 290.0 -45.0;
2394, 290.0 -60.0;
2395, 290.0 -75.0;
2396, 290.0 64.8;
2397, 290.0 35.3;
2398, 290.0 17.5;
2399, 290.0 -17.5;
2400, 290.0 -35.3;
2401, 290.0 -64.8;
2402, 294.1 64.8;
2403, 294.1 35.3;
2404, 294.1 17.5;
2405, 294.1 -17.5;
2406, 294.1 -35.3;
2407, 294.1 -64.8;
2408, 295.0 54.0;
2409, 295.0 25.0;
2410, 295.0 -25.0;
2411, 295.0 -54.0;
2412, 295.0 -81.0;
2413, 295.0 0.0;
2414, 295.0 90.0;
2415, 295.0 75.0;
2416, 295.0 60.0;
2417, 295.0 45.0;
2418, 295.0 30.0;
2419, 295.0 15.0;
2420, 295.0 -15.0;
2421, 295.0 -30.0;
2422, 295.0 -45.0;
2423, 295.0 -60.0;
2424, 295.0 -75.0;
2425, 295.0 64.8;
2426, 295.0 35.3;
2427, 295.0 17.5;
2428, 295.0 -17.5;
2429, 295.0 -35.3;
2430, 295.0 -64.8;
2431, 296.0 0.0;
2432, 296.0 90.0;
2433, 296.0 75.0;
2434, 296.0 60.0;
2435, 296.0 45.0;
2436, 296.0 30.0;
2437, 296.0 15.0;
2438, 296.0 -15.0;
2439, 296.0 -30.0;
2440, 296.0 -45.0;
2441, 296.0 -60.0;
2442, 296.0 -75.0;
2443, 296.6 0.0;
2444, 296.6 90.0;
2445, 296.6 75.0;
2446, 296.6 60.0;
2447, 296.6 45.0;
2448, 296.6 30.0;
2449, 296.6 15.0;
2450, 296.6 -15.0;
2451, 296.6 -30.0;
2452, 296.6 -45.0;
2453, 296.6 -60.0;
2454, 296.6 -75.0;
2455, 297.9 0.0;
2456, 297.9 90.0;
2457, 297.9 75.0;
2458, 297.9 60.0;
2459, 297.9 45.0;
2460, 297.9 30.0;
2461, 297.9 15.0;
2462, 297.9 -15.0;
2463, 297.9 -30.0;
2464, 297.9 -45.0;
2465, 297.9 -60.0;
2466, 297.9 -75.0;
2467, 300.0 54.0;
2468, 300.0 25.0;
2469, 300.0 -25.0;
2470, 300.0 -54.0;
2471, 300.0 -81.0;
2472, 300.0 0.0;
2473, 300.0 90.0;
2474, 300.0 75.0;
2475, 300.0 60.0;
2476, 300.0 45.0;
2477, 300.0 30.0;
2478, 300.0 15.0;
2479, 300.0 -15.0;
2480, 300.0 -30.0;
2481, 300.0 -45.0;
2482, 300.0 -60.0;
2483, 300.0 -75.0;
2484, 300.0 64.8;
2485, 300.0 35.3;
2486, 300.0 17.5;
2487, 300.0 -17.5;
2488, 300.0 -35.3;
2489, 300.0 -64.8;
2490, 301.7 54.0;
2491, 301.7 25.0;
2492, 301.7 -25.0;
2493, 301.7 -54.0;
2494, 301.7 -81.0;
2495, 301.7 64.8;
2496, 301.7 35.3;
2497, 301.7 17.5;
2498, 301.7 -17.5;
2499, 301.7 -35.3;
2500, 301.7 -64.8;
2501, 302.3 0.0;
2502, 302.3 90.0;
2503, 302.3 75.0;
2504, 302.3 60.0;
2505, 302.3 45.0;
2506, 302.3 30.0;
2507, 302.3 15.0;
2508, 302.3 -15.0;
2509, 302.3 -30.0;
2510, 302.3 -45.0;
2511, 302.3 -60.0;
2512, 302.3 -75.0;
2513, 305.0 54.0;
2514, 305.0 25.0;
2515, 305.0 -25.0;
2516, 305.0 -54.0;
2517, 305.0 -81.0;
2518, 305.0 0.0;
2519, 305.0 90.0;
2520, 305.0 75.0;
2521, 305.0 60.0;
2522, 305.0 45.0;
2523, 305.0 30.0;
2524, 305.0 15.0;
2525, 305.0 -15.0;
2526, 305.0 -30.0;
2527, 305.0 -45.0;
2528, 305.0 -60.0;
2529, 305.0 -75.0;
2530, 305.0 64.8;
2531, 305.0 35.3;
2532, 305.0 17.5;
2533, 305.0 -17.5;
2534, 305.0 -35.3;
2535, 305.0 -64.8;
2536, 306.0 64.8;
2537, 306.0 35.3;
2538, 306.0 17.5;
2539, 306.0 -17.5;
2540, 306.0 -35.3;
2541, 306.0 -64.8;
2542, 310.0 54.0;
2543, 310.0 25.0;
2544, 310.0 -25.0;
2545, 310.0 -54.0;
2546, 310.0 -81.0;
2547, 310.0 0.0;
2548, 310.0 90.0;
2549, 310.0 75.0;
2550, 310.0 60.0;
2551, 310.0 45.0;
2552, 310.0 30.0;
2553, 310.0 15.0;
2554, 310.0 -15.0;
2555, 310.0 -30.0;
2556, 310.0 -45.0;
2557, 310.0 -60.0;
2558, 310.0 -75.0;
2559, 310.0 64.8;
2560, 310.0 35.3;
2561, 310.0 17.5;
2562, 310.0 -17.5;
2563, 310.0 -35.3;
2564, 310.0 -64.8;
2565, 315.0 64.8;
2566, 315.0 35.3;
2567, 315.0 17.5;
2568, 315.0 -17.5;
2569, 315.0 -35.3;
2570, 315.0 -64.8;
2571, 315.0 54.0;
2572, 315.0 25.0;
2573, 315.0 -25.0;
2574, 315.0 -54.0;
2575, 315.0 -81.0;
2576, 315.0 0.0;
2577, 315.0 90.0;
2578, 315.0 75.0;
2579, 315.0 60.0;
2580, 315.0 45.0;
2581, 315.0 30.0;
2582, 315.0 15.0;
2583, 315.0 -15.0;
2584, 315.0 -30.0;
2585, 315.0 -45.0;
2586, 315.0 -60.0;
2587, 315.0 -75.0;
2588, 320.0 64.8;
2589, 320.0 35.3;
2590, 320.0 17.5;
2591, 320.0 -17.5;
2592, 320.0 -35.3;
2593, 320.0 -64.8;
2594, 320.0 54.0;
2595, 320.0 25.0;
2596, 320.0 -25.0;
2597, 320.0 -54.0;
2598, 320.0 -81.0;
2599, 320.0 0.0;
2600, 320.0 90.0;
2601, 320.0 75.0;
2602, 320.0 60.0;
2603, 320.0 45.0;
2604, 320.0 30.0;
2605, 320.0 15.0;
2606, 320.0 -15.0;
2607, 320.0 -30.0;
2608, 320.0 -45.0;
2609, 320.0 -60.0;
2610, 320.0 -75.0;
2611, 324.0 54.0;
2612, 324.0 25.0;
2613, 324.0 -25.0;
2614, 324.0 -54.0;
2615, 324.0 -81.0;
2616, 325.0 64.8;
2617, 325.0 35.3;
2618, 325.0 17.5;
2619, 325.0 -17.5;
2620, 325.0 -35.3;
2621, 325.0 -64.8;
2622, 325.0 54.0;
2623, 325.0 25.0;
2624, 325.0 -25.0;
2625, 325.0 -54.0;
2626, 325.0 -81.0;
2627, 325.0 0.0;
2628, 325.0 90.0;
2629, 325.0 75.0;
2630, 325.0 60.0;
2631, 325.0 45.0;
2632, 325.0 30.0;
2633, 325.0 15.0;
2634, 325.0 -15.0;
2635, 325.0 -30.0;
2636, 325.0 -45.0;
2637, 325.0 -60.0;
2638, 325.0 -75.0;
2639, 327.8 0.0;
2640, 327.8 90.0;
2641, 327.8 75.0;
2642, 327.8 60.0;
2643, 327.8 45.0;
2644, 327.8 30.0;
2645, 327.8 15.0;
2646, 327.8 -15.0;
2647, 327.8 -30.0;
2648, 327.8 -45.0;
2649, 327.8 -60.0;
2650, 327.8 -75.0;
2651, 328.3 64.8;
2652, 328.3 35.3;
2653, 328.3 17.5;
2654, 328.3 -17.5;
2655, 328.3 -35.3;
2656, 328.3 -64.8;
2657, 328.3 54.0;
2658, 328.3 25.0;
2659, 328.3 -25.0;
2660, 328.3 -54.0;
2661, 328.3 -81.0;
2662, 328.3 0.0;
2663, 328.3 90.0;
2664, 328.3 75.0;
2665, 328.3 60.0;
2666, 328.3 45.0;
2667, 328.3 30.0;
2668, 328.3 15.0;
2669, 328.3 -15.0;
2670, 328.3 -30.0;
2671, 328.3 -45.0;
2672, 328.3 -60.0;
2673, 328.3 -75.0;
2674, 330.0 64.8;
2675, 330.0 35.3;
2676, 330.0 17.5;
2677, 330.0 -17.5;
2678, 330.0 -35.3;
2679, 330.0 -64.8;
2680, 330.0 54.0;
2681, 330.0 25.0;
2682, 330.0 -25.0;
2683, 330.0 -54.0;
2684, 330.0 -81.0;
2685, 330.0 0.0;
2686, 330.0 90.0;
2687, 330.0 75.0;
2688, 330.0 60.0;
2689, 330.0 45.0;
2690, 330.0 30.0;
2691, 330.0 15.0;
2692, 330.0 -15.0;
2693, 330.0 -30.0;
2694, 330.0 -45.0;
2695, 330.0 -60.0;
2696, 330.0 -75.0;
2697, 332.1 0.0;
2698, 332.1 90.0;
2699, 332.1 75.0;
2700, 332.1 60.0;
2701, 332.1 45.0;
2702, 332.1 30.0;
2703, 332.1 15.0;
2704, 332.1 -15.0;
2705, 332.1 -30.0;
2706, 332.1 -45.0;
2707, 332.1 -60.0;
2708, 332.1 -75.0;
2709, 333.4 0.0;
2710, 333.4 90.0;
2711, 333.4 75.0;
2712, 333.4 60.0;
2713, 333.4 45.0;
2714, 333.4 30.0;
2715, 333.4 15.0;
2716, 333.4 -15.0;
2717, 333.4 -30.0;
2718, 333.4 -45.0;
2719, 333.4 -60.0;
2720, 333.4 -75.0;
2721, 334.0 0.0;
2722, 334.0 90.0;
2723, 334.0 75.0;
2724, 334.0 60.0;
2725, 334.0 45.0;
2726, 334.0 30.0;
2727, 334.0 15.0;
2728, 334.0 -15.0;
2729, 334.0 -30.0;
2730, 334.0 -45.0;
2731, 334.0 -60.0;
2732, 334.0 -75.0;
2733, 335.0 64.8;
2734, 335.0 35.3;
2735, 335.0 17.5;
2736, 335.0 -17.5;
2737, 335.0 -35.3;
2738, 335.0 -64.8;
2739, 335.0 54.0;
2740, 335.0 25.0;
2741, 335.0 -25.0;
2742, 335.0 -54.0;
2743, 335.0 -81.0;
2744, 335.0 0.0;
2745, 335.0 90.0;
2746, 335.0 75.0;
2747, 335.0 60.0;
2748, 335.0 45.0;
2749, 335.0 30.0;
2750, 335.0 15.0;
2751, 335.0 -15.0;
2752, 335.0 -30.0;
2753, 335.0 -45.0;
2754, 335.0 -60.0;
2755, 335.0 -75.0;
2756, 335.9 64.8;
2757, 335.9 35.3;
2758, 335.9 17.5;
2759, 335.9 -17.5;
2760, 335.9 -35.3;
2761, 335.9 -64.8;
2762, 339.1 0.0;
2763, 339.1 90.0;
2764, 339.1 75.0;
2765, 339.1 60.0;
2766, 339.1 45.0;
2767, 339.1 30.0;
2768, 339.1 15.0;
2769, 339.1 -15.0;
2770, 339.1 -30.0;
2771, 339.1 -45.0;
2772, 339.1 -60.0;
2773, 339.1 -75.0;
2774, 340.0 64.8;
2775, 340.0 35.3;
2776, 340.0 17.5;
2777, 340.0 -17.5;
2778, 340.0 -35.3;
2779, 340.0 -64.8;
2780, 340.0 54.0;
2781, 340.0 25.0;
2782, 340.0 -25.0;
2783, 340.0 -54.0;
2784, 340.0 -81.0;
2785, 340.0 0.0;
2786, 340.0 90.0;
2787, 340.0 75.0;
2788, 340.0 60.0;
2789, 340.0 45.0;
2790, 340.0 30.0;
2791, 340.0 15.0;
2792, 340.0 -15.0;
2793, 340.0 -30.0;
2794, 340.0 -45.0;
2795, 340.0 -60.0;
2796, 340.0 -75.0;
2797, 341.0 64.8;
2798, 341.0 35.3;
2799, 341.0 17.5;
2800, 341.0 -17.5;
2801, 341.0 -35.3;
2802, 341.0 -64.8;
2803, 341.0 54.0;
2804, 341.0 25.0;
2805, 341.0 -25.0;
2806, 341.0 -54.0;
2807, 341.0 -81.0;
2808, 341.6 64.8;
2809, 341.6 35.3;
2810, 341.6 17.5;
2811, 341.6 -17.5;
2812, 341.6 -35.3;
2813, 341.6 -64.8;
2814, 341.6 54.0;
2815, 341.6 25.0;
2816, 341.6 -25.0;
2817, 341.6 -54.0;
2818, 341.6 -81.0;
2819, 342.0 64.8;
2820, 342.0 35.3;
2821, 342.0 17.5;
2822, 342.0 -17.5;
2823, 342.0 -35.3;
2824, 342.0 -64.8;
2825, 342.9 64.8;
2826, 342.9 35.3;
2827, 342.9 17.5;
2828, 342.9 -17.5;
2829, 342.9 -35.3;
2830, 342.9 -64.8;
2831, 342.9 54.0;
2832, 342.9 25.0;
2833, 342.9 -25.0;
2834, 342.9 -54.0;
2835, 342.9 -81.0;
2836, 345.0 64.8;
2837, 345.0 35.3;
2838, 345.0 17.5;
2839, 345.0 -17.5;
2840, 345.0 -35.3;
2841, 345.0 -64.8;
2842, 345.0 54.0;
2843, 345.0 25.0;
2844, 345.0 -25.0;
2845, 345.0 -54.0;
2846, 345.0 -81.0;
2847, 345.0 0.0;
2848, 345.0 90.0;
2849, 345.0 75.0;
2850, 345.0 60.0;
2851, 345.0 45.0;
2852, 345.0 30.0;
2853, 345.0 15.0;
2854, 345.0 -15.0;
2855, 345.0 -30.0;
2856, 345.0 -45.0;
2857, 345.0 -60.0;
2858, 345.0 -75.0;
2859, 346.7 64.8;
2860, 346.7 35.3;
2861, 346.7 17.5;
2862, 346.7 -17.5;
2863, 346.7 -35.3;
2864, 346.7 -64.8;
2865, 346.7 0.0;
2866, 346.7 90.0;
2867, 346.7 75.0;
2868, 346.7 60.0;
2869, 346.7 45.0;
2870, 346.7 30.0;
2871, 346.7 15.0;
2872, 346.7 -15.0;
2873, 346.7 -30.0;
2874, 346.7 -45.0;
2875, 346.7 -60.0;
2876, 346.7 -75.0;
2877, 347.3 64.8;
2878, 347.3 35.3;
2879, 347.3 17.5;
2880, 347.3 -17.5;
2881, 347.3 -35.3;
2882, 347.3 -64.8;
2883, 347.3 54.0;
2884, 347.3 25.0;
2885, 347.3 -25.0;
2886, 347.3 -54.0;
2887, 347.3 -81.0;
2888, 350.0 64.8;
2889, 350.0 35.3;
2890, 350.0 17.5;
2891, 350.0 -17.5;
2892, 350.0 -35.3;
2893, 350.0 -64.8;
2894, 350.0 54.0;
2895, 350.0 25.0;
2896, 350.0 -25.0;
2897, 350.0 -54.0;
2898, 350.0 -81.0;
2899, 350.0 0.0;
2900, 350.0 90.0;
2901, 350.0 75.0;
2902, 350.0 60.0;
2903, 350.0 45.0;
2904, 350.0 30.0;
2905, 350.0 15.0;
2906, 350.0 -15.0;
2907, 350.0 -30.0;
2908, 350.0 -45.0;
2909, 350.0 -60.0;
2910, 350.0 -75.0;
2911, 351.0 0.0;
2912, 351.0 90.0;
2913, 351.0 75.0;
2914, 351.0 60.0;
2915, 351.0 45.0;
2916, 351.0 30.0;
2917, 351.0 15.0;
2918, 351.0 -15.0;
2919, 351.0 -30.0;
2920, 351.0 -45.0;
2921, 351.0 -60.0;
2922, 351.0 -75.0;
2923, 355.0 64.8;
2924, 355.0 35.3;
2925, 355.0 17.5;
2926, 355.0 -17.5;
2927, 355.0 -35.3;
2928, 355.0 -64.8;
2929, 355.0 54.0;
2930, 355.0 25.0;
2931, 355.0 -25.0;
2932, 355.0 -54.0;
2933, 355.0 -81.0;
2934, 355.0 0.0;
2935, 355.0 90.0;
2936, 355.0 75.0;
2937, 355.0 60.0;
2938, 355.0 45.0;
2939, 355.0 30.0;
2940, 355.0 15.0;
2941, 355.0 -15.0;
2942, 355.0 -30.0;
2943, 355.0 -45.0;
2944, 355.0 -60.0;
2945, 355.0 -75.0;